year,Zone Substation,Date,unit,0:15,0:30,0:45,1:00,1:15,1:30,1:45,2:00,2:15,2:30,2:45,3:00,3:15,3:30,3:45,4:00,4:15,4:30,4:45,5:00,5:15,5:30,5:45,6:00,6:15,6:30,6:45,7:00,7:15,7:30,7:45,8:00,8:15,8:30,8:45,9:00,9:15,9:30,9:45,10:00,10:15,10:30,10:45,11:00,11:15,11:30,11:45,12:00,12:15,12:30,12:45,13:00,13:15,13:30,13:45,14:00,14:15,14:30,14:45,15:00,15:15,15:30,15:45,16:00,16:15,16:30,16:45,17:00,17:15,17:30,17:45,18:00,18:15,18:30,18:45,19:00,19:15,19:30,19:45,20:00,20:15,20:30,20:45,21:00,21:15,21:30,21:45,22:00,22:15,22:30,22:45,23:00,23:15,23:30,23:45,24:00
2007,Surry Hills 33_11kV,01MAY2006,MW,18.70992,18.21486,17.77101,17.71979,17.41251,17.25887,17.07109,16.86624,16.69553,16.38825,16.38825,16.13218,16.35411,16.11511,16.31996,16.26875,16.40532,16.45653,16.67846,17.00281,17.73687,18.52214,18.91477,20.34874,22.38020,22.99476,24.15560,25.67492,28.44044,29.63542,31.22303,32.40093,33.69834,34.67139,35.26888,35.67858,36.46385,36.60042,37.16377,37.40276,37.59055,37.69297,38.42703,38.32460,38.97330,38.18803,38.75138,38.18803,38.85381,38.18803,38.25632,37.94904,38.51239,38.08561,38.10268,38.27339,38.27339,37.57348,38.08561,37.07841,37.65883,37.38569,37.38569,37.23205,37.06134,36.82235,36.92477,36.61749,36.10536,36.02001,35.42252,35.38838,33.69834,33.44227,32.89600,32.40093,31.75223,31.13767,31.10353,30.40362,29.77199,29.10621,28.16730,27.70638,26.73333,26.10170,25.55543,25.09451,24.07024,23.50689,22.72162,22.39727,21.45836,20.80966,20.38288,20.00732
2007,Surry Hills 33_11kV,02MAY2006,MW,19.25619,19.03427,18.36850,18.23193,17.95879,17.78808,17.68565,17.58323,17.32716,17.13938,17.13938,16.86624,16.90038,16.83210,16.69553,16.84917,16.95160,17.05402,17.37837,17.42959,17.97586,18.41971,19.35862,20.46824,22.00464,22.87526,24.75308,26.30655,28.61115,30.30119,31.47910,33.11792,33.90319,34.63725,35.25181,35.78101,36.37850,36.58335,37.07841,37.06134,37.79540,37.76126,37.55640,38.32460,38.90502,38.64895,39.26351,38.76845,39.07573,38.61481,39.16109,38.88795,39.02452,38.92209,38.81966,39.05866,38.97330,39.16109,38.76845,38.66603,38.63188,38.46117,38.17096,37.91490,37.11256,37.55640,37.18084,37.18084,36.20779,36.77113,36.13950,35.32009,34.03976,33.63005,33.40813,32.53750,31.78637,30.96696,30.43776,29.90855,29.15743,28.74772,28.13316,27.26254,26.86990,26.23827,26.11877,24.83844,24.24095,23.50689,22.99476,22.14121,21.25351,20.89502,20.57067,20.07561
2007,Surry Hills 33_11kV,03MAY2006,MW,19.54640,19.10255,18.86356,18.45385,18.14657,17.90758,17.82222,17.60030,17.44666,17.36130,16.96867,16.90038,16.98574,17.00281,16.86624,16.96867,16.95160,17.10523,17.34423,17.78808,18.48799,18.81234,19.78540,20.99744,22.22656,22.77284,24.22388,25.93099,28.90136,29.99391,31.83759,32.81064,33.81783,34.72260,35.37130,35.98586,37.09548,36.65164,37.33448,37.53933,37.48812,37.67590,37.47105,37.79540,38.20511,38.00025,38.51239,38.66603,38.61481,38.56360,38.56360,37.74419,38.40996,38.73431,39.29766,39.72443,39.00745,39.45130,39.17816,39.09280,39.29766,38.81966,38.73431,38.90502,38.83674,37.89783,37.45398,36.77113,37.16377,37.50519,36.68578,35.78101,34.10804,33.25449,33.49348,32.45215,31.99123,31.53031,30.93282,30.42069,29.65249,29.19157,28.28680,27.96245,27.05768,26.13584,25.93099,25.06036,24.30924,23.60932,22.96062,22.51677,21.74857,21.06573,20.75845,20.22924
2007,Surry Hills 33_11kV,04MAY2006,MW,19.80247,19.22205,18.89770,18.59042,18.38557,18.06122,17.80515,17.51494,17.42959,17.41251,17.12231,17.01988,16.72967,16.78088,17.08816,16.96867,16.90038,17.13938,17.05402,17.68565,18.07829,18.38557,19.68297,20.84380,22.00464,22.75577,24.54823,25.79442,28.76479,30.16462,31.71809,33.32277,34.79089,35.20059,35.28595,36.13950,36.29314,36.80528,37.18084,37.91490,37.69297,38.39289,37.93197,38.95623,39.00745,38.90502,38.88795,39.29766,39.09280,39.31473,39.14402,39.14402,39.57079,39.74150,39.17816,39.79272,39.77565,39.50251,39.02452,39.34887,38.93916,38.73431,37.89783,38.34167,38.17096,37.55640,37.09548,36.61749,36.71992,36.27607,36.68578,35.67858,33.97147,33.25449,32.67407,32.38386,31.37667,31.17182,30.67675,29.55006,29.27692,28.25266,27.74053,27.29668,26.34070,26.42605,26.01635,25.04329,24.17267,23.40447,22.87526,22.46556,21.98757,21.69736,21.08280,20.55360
2007,Surry Hills 33_11kV,05MAY2006,MW,19.92197,19.56347,19.15377,18.69285,18.24900,18.41971,18.06122,17.80515,17.89051,17.70272,17.34423,17.39544,17.24180,16.90038,17.27595,17.17352,16.98574,17.19059,17.42959,18.04415,18.69285,18.74406,19.81954,20.98037,22.65334,22.96062,24.18974,25.77735,28.52580,29.49885,30.84746,32.53750,33.71541,34.43239,34.97867,35.62737,35.78101,36.25900,36.82235,36.85649,37.14670,37.50519,38.13682,37.82954,38.83674,38.18803,38.49531,38.18803,38.20511,38.49531,38.71724,38.64895,38.63188,38.17096,38.29046,38.40996,38.85381,38.80259,38.52946,38.39289,38.20511,38.01732,37.38569,37.36862,36.97599,37.16377,36.34436,35.84929,35.50787,35.25181,35.59323,34.79089,32.91307,31.95709,31.37667,30.77918,30.36947,29.55006,28.86722,28.59408,27.80881,27.10890,26.47726,25.72614,25.45300,25.07744,24.75308,24.12145,23.04598,23.02890,22.39727,22.31192,21.88514,21.33887,20.77552,20.26339
2007,Surry Hills 33_11kV,06MAY2006,MW,20.14389,19.64883,19.15377,18.93184,18.65870,18.31728,17.94172,17.70272,17.51494,17.49787,17.22473,16.95160,16.98574,17.05402,16.69553,16.95160,16.79796,16.69553,16.91745,16.93452,17.03695,17.07109,17.13938,17.71979,18.48799,18.50506,18.81234,19.27326,19.71711,20.38288,21.11694,21.95343,22.39727,23.19962,23.31911,24.13853,24.25802,24.71894,24.97501,25.31643,25.69199,26.13584,26.25534,26.20413,26.25534,26.15291,26.54555,26.13584,26.47726,26.25534,25.77735,25.79442,25.82856,25.47007,25.58957,25.74321,25.31643,25.60664,25.06036,25.16279,24.65066,24.73601,24.47995,24.56530,24.54823,24.53116,24.78723,24.71894,25.29936,25.93099,26.11877,26.28948,26.05049,26.18706,25.96513,25.70907,25.07744,24.85551,24.41166,23.98489,23.79710,23.45568,23.38740,23.21669,22.72162,22.26070,22.36313,22.10707,21.57786,21.42422,21.16816,20.84380,20.62188,20.63895,20.36581,19.92197
2007,Surry Hills 33_11kV,07MAY2006,MW,19.87075,19.47812,18.91477,18.64163,18.38557,18.40264,17.85636,17.78808,17.42959,17.34423,17.05402,17.07109,16.78088,16.72967,16.66139,16.59310,16.55896,16.43946,16.50775,16.64432,16.55896,16.59310,16.81503,17.25887,17.78808,17.48080,17.48080,17.56615,18.26607,18.11243,18.84649,19.22205,19.87075,20.17803,20.51945,21.15108,21.59493,22.20949,22.48263,22.75577,22.82405,22.96062,23.35325,23.55811,23.59225,23.67761,23.93367,23.78003,23.84832,23.88246,23.67761,23.86539,23.84832,23.71175,23.83125,23.89953,23.28497,23.57518,23.40447,23.28497,23.48982,23.47275,23.40447,23.40447,23.40447,23.57518,23.59225,23.88246,24.32631,25.26522,25.98220,25.94806,25.77735,25.99927,25.58957,25.40179,25.12865,25.00915,24.94087,24.42873,24.44580,24.15560,23.84832,23.67761,23.69468,22.97769,22.60213,22.19242,21.98757,21.32179,21.04866,20.69016,20.43410,20.19510,19.47812,19.32448
2007,Surry Hills 33_11kV,08MAY2006,MW,18.91477,18.47092,17.94172,17.92465,17.68565,17.34423,17.19059,16.93452,17.00281,16.66139,16.47360,16.47360,16.21754,16.18340,16.21754,16.40532,16.52482,16.67846,16.69553,17.34423,17.99293,18.28314,19.32448,20.24632,22.34606,23.18254,24.54823,25.98220,28.83308,30.35240,31.88880,33.08378,34.48361,34.94453,35.28595,35.96879,35.72980,36.42971,36.49800,36.53214,36.83942,37.06134,37.21498,37.48812,37.07841,37.40276,37.19791,37.76126,37.69297,37.30034,37.30034,37.31741,37.57348,37.81247,37.19791,37.91490,37.06134,37.21498,37.35155,37.07841,36.95892,36.51507,36.51507,36.63457,36.31021,36.24193,36.39557,35.69565,36.24193,36.42971,36.19072,35.30302,34.41532,33.35692,33.10085,32.53750,32.09365,31.73516,31.13767,30.50604,29.99391,29.58420,29.29400,28.42337,27.91124,27.17718,26.81869,26.13584,24.97501,24.37752,23.55811,23.23376,22.43142,22.03878,21.33887,20.55360
2007,Surry Hills 33_11kV,09MAY2006,MW,20.26339,19.61469,19.08548,18.70992,18.76113,18.07829,17.89051,17.80515,17.54908,17.54908,17.25887,17.20766,17.22473,16.98574,16.72967,17.03695,17.08816,17.13938,17.34423,17.87343,18.52214,18.94891,20.00732,21.44129,22.89234,23.67761,25.31643,27.24546,29.70370,31.30838,32.65700,33.64712,34.70553,35.50787,36.19072,36.34436,36.61749,36.63457,36.75406,36.20779,36.32729,37.11256,37.33448,38.01732,37.50519,37.74419,37.55640,37.84661,37.77833,37.48812,37.65883,37.89783,37.71004,37.40276,37.72711,38.06854,37.60762,37.64176,37.74419,37.62469,37.55640,37.28327,37.35155,37.43691,36.97599,36.83942,36.89063,36.24193,36.77113,36.87356,36.54921,35.47373,34.12511,33.78369,33.42520,32.99842,32.75943,32.19608,31.49617,31.05232,30.26705,29.73784,29.44764,28.95257,27.99659,27.50153,27.09182,26.63090,25.76028,24.83844,24.12145,23.67761,22.67041,21.81686,21.23644,20.65602
2007,Surry Hills 33_11kV,10MAY2006,MW,20.28046,19.87075,19.39276,18.81234,18.62456,18.60749,18.19778,17.82222,17.65151,17.54908,17.37837,17.36130,17.03695,16.98574,16.90038,16.86624,17.29302,17.15645,17.53201,17.95879,18.36850,18.91477,20.24632,21.35594,23.13133,23.96781,25.28229,27.27961,29.58420,30.59140,32.31558,33.35692,34.39825,35.13231,35.74687,36.39557,36.53214,36.82235,36.71992,37.47105,37.47105,37.76126,37.94904,38.11975,38.15389,37.96611,38.32460,38.51239,38.42703,38.27339,38.76845,38.76845,38.49531,38.23925,38.29046,38.83674,38.13682,38.05147,38.05147,38.00025,38.05147,37.82954,37.93197,37.81247,37.41984,37.91490,37.11256,36.80528,36.90770,37.11256,36.17365,35.88344,34.55189,34.27875,33.27156,33.08378,32.36679,31.78637,31.12060,31.01818,30.31826,29.66956,29.24278,28.20145,27.79174,26.71626,26.64798,25.82856,24.85551,24.24095,23.52397,22.94355,22.07292,21.78271,21.09987,20.58774
2007,Surry Hills 33_11kV,11MAY2006,MW,19.87075,19.40983,19.05134,18.88063,18.60749,18.41971,18.24900,18.01000,17.80515,17.70272,17.46373,17.46373,17.19059,17.03695,17.01988,17.32716,17.07109,17.17352,17.39544,18.21486,18.69285,19.11962,20.21217,21.11694,22.94355,23.81417,25.07744,26.75040,29.61835,30.38655,32.40093,33.37399,34.85917,35.01281,35.45666,35.49080,36.27607,36.34436,36.49800,37.06134,37.14670,37.18084,37.14670,37.30034,37.31741,37.65883,37.57348,37.88075,38.23925,37.86368,37.50519,37.35155,37.60762,37.43691,37.89783,37.23205,37.65883,37.96611,37.45398,37.50519,37.24912,36.89063,37.30034,36.85649,37.23205,37.65883,36.89063,36.13950,36.32729,36.39557,36.77113,35.06402,33.92026,33.57884,33.22035,32.81064,31.82052,31.76930,31.05232,30.40362,29.55006,29.20864,28.45751,28.18437,27.29668,26.85283,26.75040,25.98220,24.83844,24.15560,23.76296,23.50689,22.39727,21.81686,21.28765,20.63895
2007,Surry Hills 33_11kV,12MAY2006,MW,19.97318,19.63176,19.22205,18.84649,18.70992,18.64163,18.02707,17.73687,18.01000,17.71979,17.39544,17.53201,17.24180,16.96867,17.03695,17.13938,17.13938,17.25887,17.60030,17.92465,18.53921,19.00013,20.19510,21.20230,22.97769,23.93367,25.24815,26.30655,29.29400,30.28412,31.92294,33.59591,34.19340,35.13231,35.74687,36.37850,36.61749,36.95892,37.02720,36.73699,37.18084,37.79540,37.59055,38.11975,38.06854,38.11975,38.20511,38.30753,38.34167,38.15389,37.88075,38.01732,37.76126,37.65883,37.89783,37.74419,37.45398,37.11256,37.19791,36.87356,37.18084,36.53214,36.17365,36.60042,35.71273,35.98586,35.98586,35.98586,35.90051,36.20779,35.43959,34.75674,32.86185,32.70821,32.23022,31.61566,30.79625,30.28412,29.41349,29.03793,28.52580,28.20145,27.36496,26.81869,26.28948,25.94806,25.17986,24.88965,24.05317,23.86539,23.18254,22.84112,22.20949,22.08999,21.45836,21.13401
2007,Surry Hills 33_11kV,13MAY2006,MW,20.80966,20.19510,19.99025,19.39276,19.34155,18.88063,18.41971,18.40264,18.30021,17.85636,17.54908,17.39544,17.27595,17.25887,17.10523,17.15645,17.07109,17.00281,17.00281,17.25887,17.31009,17.42959,17.53201,17.83929,18.79527,19.11962,19.01720,19.78540,20.22924,20.89502,21.40715,21.93635,22.82405,23.11426,23.83125,24.25802,24.83844,25.26522,25.55543,26.05049,26.18706,26.44312,26.06756,26.13584,26.73333,26.56262,26.56262,26.66505,26.42605,26.49434,26.46019,26.42605,25.94806,25.79442,25.70907,25.52128,25.58957,25.48714,25.36764,25.29936,25.35057,25.09451,25.14572,25.35057,25.26522,25.11158,25.40179,25.93099,26.28948,27.12597,27.22839,27.17718,27.17718,26.75040,26.86990,26.34070,26.05049,25.77735,25.65785,25.45300,24.77016,24.77016,24.20681,24.01903,23.72882,23.42154,23.28497,22.61920,22.34606,22.15828,21.79979,21.59493,21.32179,21.04866,20.72431,20.31460
2007,Surry Hills 33_11kV,14MAY2006,MW,20.51945,20.04146,19.34155,19.25619,19.25619,18.72699,18.41971,17.34423,17.20766,17.80515,17.25887,17.20766,17.25887,16.95160,16.96867,16.90038,16.84917,16.62724,16.71260,16.95160,16.98574,17.13938,17.24180,17.56615,18.14657,18.33435,18.04415,18.06122,18.01000,18.59042,18.76113,19.39276,20.07561,20.51945,20.98037,21.37301,21.93635,22.68748,22.97769,23.02890,23.18254,23.21669,23.31911,24.00196,24.01903,23.84832,23.95074,23.93367,23.83125,23.59225,23.54104,23.62639,23.26790,23.42154,23.16547,23.09719,22.80698,22.51677,22.46556,22.56798,22.22656,22.36313,22.24363,22.70455,23.16547,23.04598,23.55811,24.18974,25.11158,25.53835,25.81149,26.23827,25.93099,26.01635,26.16999,25.84563,25.77735,25.69199,25.28229,25.09451,25.65785,25.52128,25.35057,24.71894,24.49702,24.05317,23.81417,23.40447,23.01183,22.56798,22.05585,21.76564,21.15108,20.87795,20.39996,19.85368
2007,Surry Hills 33_11kV,15MAY2006,MW,19.68297,19.01720,18.48799,18.36850,17.95879,17.78808,17.46373,17.39544,17.10523,17.15645,16.72967,16.79796,16.74674,16.78088,16.72967,16.84917,16.90038,16.95160,17.22473,17.56615,18.59042,18.69285,19.54640,21.28765,22.87526,23.95074,25.47007,26.59676,28.79893,30.54018,31.82052,33.49348,34.80796,35.20059,35.95172,36.56628,36.75406,37.16377,37.16377,37.23205,37.45398,37.64176,37.94904,37.76126,38.06854,37.74419,37.72711,37.60762,37.89783,38.29046,37.93197,38.30753,37.93197,38.15389,37.45398,38.23925,37.71004,37.77833,37.98318,37.77833,37.24912,37.45398,37.18084,37.28327,36.80528,37.19791,37.16377,37.36862,37.31741,37.41984,37.07841,36.15657,35.08110,34.12511,33.40813,33.30570,32.63993,32.14487,31.82052,31.30838,30.54018,29.77199,29.51592,28.73065,28.20145,27.43325,26.69919,25.86271,25.16279,24.34338,23.74589,23.26790,22.44849,21.88514,21.32179,20.74138
2007,Surry Hills 33_11kV,16MAY2006,MW,20.24632,19.49519,19.11962,19.01720,18.65870,18.77820,18.38557,17.85636,17.87343,17.68565,17.51494,17.24180,17.41251,17.22473,17.19059,17.29302,17.44666,17.51494,17.82222,18.24900,18.79527,19.47812,20.16096,21.33887,22.97769,23.95074,25.33350,27.34789,29.72077,31.27424,33.28863,34.19340,34.36411,35.91758,36.05415,36.34436,36.77113,36.70285,36.99306,37.24912,37.02720,37.40276,37.31741,38.00025,38.25632,38.20511,37.72711,38.35875,38.22218,38.30753,38.10268,38.39289,38.11975,38.05147,37.96611,38.20511,38.10268,38.06854,38.22218,37.76126,37.93197,37.89783,37.52226,37.52226,37.62469,37.06134,37.31741,37.41984,37.60762,37.38569,37.12963,36.32729,34.87624,34.46654,33.95440,33.63005,32.60579,32.07658,31.66688,30.96696,30.16462,29.89148,29.63542,29.03793,28.38923,27.91124,27.12597,26.49434,25.11158,24.59944,23.89953,23.45568,22.70455,22.08999,21.56079,20.82673
2007,Surry Hills 33_11kV,17MAY2006,MW,20.53652,19.78540,19.35862,19.05134,18.70992,18.50506,18.11243,17.92465,17.85636,17.75394,17.46373,17.54908,17.37837,17.42959,17.37837,17.41251,17.49787,17.36130,17.54908,18.07829,18.59042,19.58054,20.31460,21.52665,23.11426,24.34338,24.87258,26.76747,29.63542,31.15474,32.45215,33.61298,34.73967,35.69565,36.20779,36.29314,37.04427,37.33448,37.72711,37.43691,37.67590,37.62469,37.96611,38.39289,38.75138,38.61481,38.63188,38.39289,38.11975,38.52946,38.68310,39.04159,38.52946,38.71724,38.46117,38.47824,38.73431,38.32460,38.32460,38.13682,37.65883,38.29046,37.79540,37.77833,37.38569,36.92477,36.66871,37.14670,37.57348,36.83942,36.78820,35.71273,34.07390,33.78369,33.40813,33.30570,32.50336,31.88880,31.61566,30.83039,30.33533,29.37935,29.08914,28.20145,27.84295,27.21132,26.85283,25.77735,24.94087,24.37752,23.78003,23.04598,22.36313,22.14121,21.52665,20.99744
2007,Surry Hills 33_11kV,18MAY2006,MW,20.65602,20.16096,19.52933,19.20498,18.98306,18.47092,18.12950,17.92465,17.95879,17.63444,17.37837,17.22473,17.05402,17.10523,17.31009,17.01988,17.41251,17.58323,17.78808,17.85636,18.41971,19.29033,20.12682,21.54372,23.38740,24.08731,25.47007,26.97233,29.41349,30.64261,32.29851,33.47641,34.14219,34.72260,35.45666,35.98586,36.37850,36.94184,36.77113,37.26620,37.40276,38.01732,38.05147,38.13682,38.76845,38.51239,38.54653,39.02452,39.57079,39.09280,38.52946,38.46117,38.81966,38.51239,38.87088,38.63188,38.56360,38.22218,38.05147,37.91490,38.03439,37.65883,37.94904,37.52226,37.55640,37.16377,36.68578,36.73699,37.35155,37.52226,36.51507,35.13231,34.00562,33.47641,33.04964,32.67407,31.78637,31.44495,30.88161,30.50604,29.72077,29.10621,28.62822,27.99659,27.50153,27.17718,27.26254,26.01635,25.02622,24.56530,23.62639,23.28497,22.55091,21.88514,21.35594,20.84380
2007,Surry Hills 33_11kV,19MAY2006,MW,20.41703,19.93904,19.78540,19.32448,18.88063,18.57335,18.33435,18.18071,18.04415,17.73687,17.58323,17.27595,17.27595,17.32716,17.10523,17.42959,17.46373,17.22473,17.39544,18.14657,18.77820,19.11962,20.26339,21.62907,23.19962,24.17267,25.26522,27.12597,29.37935,31.00110,31.88880,33.47641,34.17633,34.84210,35.88344,35.96879,36.56628,36.97599,36.77113,37.57348,37.62469,38.18803,38.13682,37.76126,38.05147,38.30753,38.37582,38.18803,38.66603,38.64895,38.61481,39.00745,38.59774,38.83674,38.92209,38.78552,39.53665,38.63188,39.26351,38.63188,38.30753,38.06854,37.94904,38.22218,37.60762,37.47105,37.19791,36.51507,36.51507,36.24193,35.96879,34.60311,33.32277,32.41801,31.61566,31.56445,30.57433,30.09634,29.22571,28.95257,28.40630,27.74053,27.39910,26.71626,26.03342,25.58957,25.02622,24.90672,23.81417,23.42154,23.06305,22.46556,22.22656,21.23644,21.06573,20.75845
2007,Surry Hills 33_11kV,20MAY2006,MW,20.12682,19.80247,19.76833,19.10255,18.94891,18.53921,18.48799,18.14657,17.89051,17.78808,17.44666,17.31009,17.29302,17.15645,17.15645,17.24180,17.15645,17.07109,17.20766,17.10523,17.27595,17.41251,17.42959,18.23193,18.82942,18.81234,19.32448,19.85368,20.28046,20.94623,21.54372,22.07292,22.84112,23.16547,23.28497,23.81417,24.80430,24.75308,25.33350,25.38471,26.10170,25.87978,26.27241,26.22120,26.64798,26.76747,26.78454,26.80162,26.66505,26.47726,26.57969,26.54555,26.47726,26.16999,25.86271,25.87978,25.57250,25.76028,25.55543,25.41886,25.00915,25.21400,25.41886,25.52128,24.85551,25.21400,25.55543,25.86271,26.51141,27.02354,27.10890,27.09182,27.04061,26.93818,26.59676,26.23827,25.65785,25.52128,25.07744,25.02622,24.71894,24.61652,24.44580,24.05317,23.62639,23.09719,22.96062,22.72162,22.48263,22.56798,21.86807,21.61200,21.56079,21.39008,21.04866,20.80966
2007,Surry Hills 33_11kV,21MAY2006,MW,20.21217,19.97318,19.59761,19.18791,18.82942,18.67578,18.28314,18.19778,17.49787,17.42959,17.10523,17.03695,16.86624,16.78088,16.67846,16.64432,16.62724,16.55896,16.52482,16.90038,16.81503,16.84917,16.93452,17.53201,18.48799,18.45385,18.60749,18.50506,18.98306,18.96598,19.70004,19.64883,20.41703,20.70724,21.20230,21.42422,21.78271,22.15828,22.77284,23.26790,23.72882,23.78003,23.79710,23.84832,24.01903,24.20681,24.20681,24.12145,24.37752,24.15560,23.86539,23.95074,24.08731,23.93367,23.64346,23.38740,23.19962,23.25083,23.25083,23.16547,23.35325,23.26790,23.50689,23.60932,23.66053,24.07024,24.42873,24.99208,25.58957,26.71626,26.44312,26.85283,27.19425,27.07475,26.88697,26.76747,26.49434,26.28948,25.86271,25.74321,25.60664,25.23108,25.04329,24.71894,24.25802,24.00196,23.78003,23.18254,22.77284,22.31192,21.81686,21.37301,21.01452,20.34874,20.09268,19.59761
2007,Surry Hills 33_11kV,22MAY2006,MW,19.32448,18.86356,18.47092,18.19778,17.99293,17.97586,17.53201,17.25887,17.05402,16.91745,16.72967,16.64432,16.69553,16.74674,16.81503,16.79796,16.84917,16.93452,17.34423,17.70272,18.50506,18.77820,19.52933,20.92916,22.99476,23.93367,25.07744,26.92111,29.66956,30.60847,32.43508,33.42520,34.80796,35.01281,35.78101,36.13950,36.54921,37.50519,37.36862,37.38569,37.65883,37.77833,37.77833,38.17096,38.32460,38.78552,38.68310,38.75138,38.56360,38.46117,38.23925,38.11975,38.29046,37.53933,38.11975,38.06854,38.11975,37.94904,37.79540,37.48812,37.11256,37.14670,36.73699,37.19791,36.80528,37.47105,37.31741,36.80528,37.84661,37.50519,36.89063,36.25900,35.09817,34.55189,34.31290,33.95440,32.98135,33.06671,32.45215,31.95709,30.98403,30.55726,30.13048,29.25985,28.55994,28.09902,27.46739,26.85283,25.72614,24.82137,23.98489,24.05317,22.67041,21.97050,21.66322,20.98037
2007,Surry Hills 33_11kV,23MAY2006,MW,20.45117,19.88782,19.56347,19.23912,19.00013,18.64163,18.35142,18.28314,18.02707,17.63444,17.42959,17.32716,17.48080,17.13938,17.36130,17.46373,17.44666,17.61737,17.80515,18.33435,19.03427,19.27326,20.53652,21.76564,23.59225,25.00915,26.46019,28.09902,30.33533,32.33265,33.92026,35.86637,36.49800,37.01013,37.55640,37.81247,38.23925,38.47824,38.39289,38.76845,38.87088,38.70017,39.09280,39.02452,39.16109,38.73431,39.16109,39.12694,39.46837,39.41715,39.50251,39.24644,39.62201,39.28058,38.99038,39.12694,38.80259,38.99038,38.78552,38.61481,38.63188,38.00025,38.06854,38.42703,37.98318,38.13682,38.22218,38.49531,39.26351,38.44410,38.51239,37.65883,36.75406,36.65164,35.78101,35.66151,34.82503,34.34704,34.27875,33.57884,32.79357,32.12780,31.56445,30.84746,30.33533,29.68663,29.05500,28.33801,27.12597,25.87978,25.23108,24.59944,23.31911,22.77284,22.03878,21.47543
2007,Surry Hills 33_11kV,24MAY2006,MW,21.13401,20.82673,20.24632,19.83661,19.56347,19.40983,18.94891,18.55628,18.38557,18.28314,18.01000,17.99293,18.04415,17.94172,17.82222,18.02707,17.90758,17.89051,18.11243,18.79527,19.30741,19.73418,20.80966,22.00464,23.98489,24.82137,26.03342,28.21852,30.79625,32.31558,34.24461,35.49080,36.08829,36.83942,37.16377,37.35155,37.53933,37.60762,38.20511,38.01732,38.17096,38.34167,38.25632,38.37582,38.56360,38.81966,38.35875,38.59774,38.80259,38.76845,38.88795,38.83674,38.22218,38.20511,38.05147,38.01732,37.98318,38.08561,37.82954,37.60762,37.47105,37.16377,37.60762,37.50519,37.69297,37.67590,37.69297,37.76126,37.76126,37.60762,37.28327,36.44678,35.37130,34.60311,33.86905,33.61298,33.27156,32.69114,32.57164,31.53031,31.12060,30.45483,29.94270,29.53299,28.91843,28.23559,27.75760,26.86990,25.58957,25.09451,24.12145,23.78003,22.92648,22.32899,21.81686,21.35594
2007,Surry Hills 33_11kV,25MAY2006,MW,20.74138,20.19510,19.58054,19.37569,19.17084,18.84649,18.65870,18.67578,18.40264,18.04415,17.89051,17.60030,17.54908,17.53201,17.53201,17.46373,17.63444,17.63444,17.94172,18.26607,19.15377,19.37569,20.50238,21.47543,23.38740,24.77016,26.22120,27.87709,30.40362,31.94001,33.11792,34.36411,35.23474,35.96879,36.36143,36.68578,37.19791,37.30034,37.50519,37.67590,37.94904,38.29046,38.11975,38.29046,38.51239,38.35875,38.44410,38.13682,38.05147,38.17096,38.11975,38.47824,37.89783,38.42703,38.68310,38.99038,38.08561,38.17096,37.55640,37.74419,37.16377,37.76126,37.76126,37.31741,37.14670,37.06134,36.95892,37.41984,37.33448,37.19791,36.56628,36.17365,34.82503,34.26168,33.86905,33.54470,32.69114,32.40093,32.63993,31.35960,31.00110,30.38655,29.56713,28.93550,28.42337,27.96245,27.79174,27.02354,25.52128,24.95794,24.54823,23.98489,23.06305,22.39727,21.81686,21.03159
2007,Surry Hills 33_11kV,26MAY2006,MW,20.70724,20.55360,19.85368,19.66590,19.29033,18.86356,18.43678,18.31728,18.06122,18.07829,17.68565,17.53201,17.32716,17.48080,17.46373,17.49787,17.66858,17.63444,17.65151,18.30021,19.00013,19.27326,20.51945,21.59493,23.60932,24.41166,25.74321,27.51860,29.82320,30.98403,32.55457,33.44227,34.60311,35.42252,35.49080,36.22486,36.42971,37.35155,37.11256,37.57348,37.76126,38.32460,37.93197,38.05147,37.67590,37.86368,38.01732,38.34167,38.10268,37.86368,37.86368,37.55640,37.60762,37.72711,37.53933,37.60762,37.67590,37.02720,37.30034,37.02720,37.12963,36.87356,36.70285,36.56628,36.61749,36.12243,36.10536,36.37850,36.61749,36.20779,35.59323,34.39825,33.20328,32.67407,31.97416,31.61566,30.65968,30.42069,30.02805,29.17450,28.61115,28.26973,27.70638,26.88697,26.78454,26.11877,26.10170,25.57250,24.46288,23.91660,23.67761,23.43861,22.65334,22.44849,21.66322,21.44129
2007,Surry Hills 33_11kV,27MAY2006,MW,20.87795,20.46824,20.05853,19.51226,19.20498,18.91477,18.62456,18.53921,18.23193,17.97586,17.65151,17.53201,17.36130,17.60030,17.36130,17.19059,17.01988,17.03695,17.03695,17.25887,17.34423,17.44666,17.54908,18.30021,18.96598,19.34155,19.59761,19.87075,20.63895,21.08280,21.57786,22.15828,22.90941,23.52397,24.05317,24.51409,25.16279,25.26522,25.79442,25.72614,26.35777,26.54555,26.78454,27.38203,27.41617,27.60396,27.67224,27.33082,27.16011,27.00647,26.86990,26.57969,26.64798,26.69919,26.22120,26.15291,26.15291,26.03342,25.84563,25.77735,25.57250,25.64078,25.57250,25.72614,26.05049,25.70907,26.49434,27.29668,27.79174,28.13316,28.62822,28.47458,28.20145,28.23559,28.06488,27.50153,27.46739,27.04061,26.46019,26.15291,25.91392,25.53835,25.16279,25.11158,24.97501,24.44580,24.58237,23.84832,23.79710,23.42154,22.94355,22.46556,22.22656,22.15828,21.71443,21.23644
2007,Surry Hills 33_11kV,28MAY2006,MW,21.15108,20.69016,20.36581,20.00732,19.51226,19.25619,18.79527,18.52214,18.12950,18.12950,17.95879,17.89051,17.66858,17.42959,17.36130,17.20766,17.10523,17.00281,17.05402,17.31009,17.20766,17.51494,17.58323,18.12950,18.52214,18.74406,18.91477,18.82942,19.15377,19.52933,19.78540,20.24632,20.86088,21.18523,21.57786,22.07292,22.51677,23.02890,23.13133,23.23376,23.59225,23.72882,23.96781,23.95074,24.15560,24.39459,24.54823,24.39459,24.08731,24.00196,24.10438,23.78003,24.01903,24.12145,23.57518,23.47275,23.21669,23.19962,23.35325,23.45568,23.28497,23.47275,23.72882,23.66053,24.20681,24.49702,25.04329,25.76028,27.02354,27.41617,27.92831,27.80881,28.13316,28.18437,28.16730,27.74053,27.70638,27.33082,27.12597,26.75040,26.81869,26.63090,26.03342,26.11877,25.79442,25.50421,25.06036,24.47995,23.98489,23.23376,22.77284,22.36313,21.78271,21.44129,20.89502,20.24632
2007,Surry Hills 33_11kV,29MAY2006,MW,20.21217,19.51226,19.22205,18.69285,18.45385,18.26607,17.97586,17.71979,17.83929,17.34423,17.20766,16.96867,16.95160,17.01988,17.29302,17.10523,17.25887,17.22473,17.39544,17.71979,18.79527,19.30741,20.17803,21.08280,23.42154,24.27509,25.65785,28.11609,30.47190,32.11073,34.32997,35.04695,35.96879,36.73699,37.26620,37.74419,38.10268,37.81247,38.23925,38.27339,38.15389,38.63188,38.80259,38.78552,38.40996,38.80259,38.06854,38.88795,38.76845,38.66603,38.22218,38.51239,38.22218,38.47824,38.17096,38.87088,38.47824,38.30753,37.79540,37.71004,37.62469,37.57348,37.31741,37.23205,37.59055,37.55640,37.98318,38.03439,38.20511,37.62469,37.65883,36.78820,35.30302,35.16645,35.04695,35.33716,34.31290,33.69834,33.45934,32.87892,32.26437,31.37667,30.96696,30.55726,29.68663,29.14036,28.78186,28.09902,27.00647,25.81149,24.94087,24.08731,23.33618,22.92648,22.27778,21.59493
2007,Surry Hills 33_11kV,30MAY2006,MW,21.21937,20.58774,20.29753,19.85368,19.44397,19.11962,19.08548,18.55628,18.33435,18.18071,17.94172,17.63444,17.83929,17.51494,17.51494,17.60030,17.80515,17.85636,18.07829,18.67578,19.22205,19.63176,20.75845,21.78271,23.98489,25.02622,26.32363,28.54287,31.46202,32.29851,34.36411,35.42252,36.66871,37.14670,38.13682,38.03439,38.68310,39.48544,39.24644,39.89514,39.58786,39.62201,39.38301,39.43422,39.69029,39.57079,39.87807,39.84393,39.98050,39.65615,39.14402,38.99038,39.17816,39.43422,38.87088,38.85381,38.87088,38.71724,38.81966,38.63188,38.20511,38.17096,37.93197,38.05147,37.76126,37.40276,38.01732,38.44410,38.27339,38.59774,38.10268,37.38569,36.42971,35.64444,35.98586,35.49080,34.63725,34.31290,34.07390,33.13499,32.84478,31.99123,31.63273,30.83039,30.16462,29.78906,28.98672,28.09902,27.27961,26.49434,25.45300,24.88965,23.60932,23.28497,22.41434,21.57786
2007,Surry Hills 33_11kV,31MAY2006,MW,21.25351,20.48531,20.14389,19.80247,19.70004,19.34155,19.01720,18.69285,18.43678,18.06122,17.97586,17.94172,18.09536,17.77101,17.82222,17.63444,18.14657,18.19778,18.24900,18.65870,19.22205,19.78540,21.04866,22.08999,23.98489,25.14572,26.83576,28.61115,31.42788,32.89600,34.27875,35.43959,36.73699,37.23205,37.76126,38.29046,38.85381,38.90502,38.80259,38.44410,38.93916,38.95623,39.31473,38.93916,39.24644,39.41715,39.70736,39.16109,39.60494,39.50251,39.24644,38.83674,39.19523,39.04159,38.58067,38.59774,39.16109,38.90502,38.51239,38.88795,38.47824,38.35875,37.72711,37.62469,37.89783,37.74419,37.79540,37.98318,38.63188,38.78552,38.42703,37.24912,35.95172,36.17365,35.93465,34.73967,34.55189,33.95440,33.93733,33.59591,32.77650,32.28144,31.66688,30.77918,30.36947,29.68663,29.19157,28.06488,27.53567,26.81869,25.72614,25.06036,24.47995,23.47275,23.02890,22.36313
2007,Surry Hills 33_11kV,01JUN2006,MW,21.61200,20.84380,20.43410,20.09268,19.63176,19.46105,19.25619,19.01720,18.88063,18.43678,18.31728,18.19778,18.12950,17.80515,17.85636,17.95879,17.95879,18.16364,18.36850,18.93184,19.49519,19.99025,20.87795,22.12414,24.17267,25.19693,26.71626,28.57701,31.41081,32.23022,33.85198,34.84210,35.81515,36.24193,37.21498,37.28327,38.66603,37.84661,37.93197,38.22218,38.73431,38.66603,38.66603,38.90502,38.83674,39.34887,39.40008,39.02452,39.16109,39.28058,39.16109,39.04159,39.28058,38.83674,38.73431,38.64895,39.00745,38.32460,38.52946,38.10268,37.33448,37.82954,37.98318,37.60762,37.79540,37.65883,38.15389,38.44410,38.25632,37.98318,37.50519,37.19791,35.42252,34.94453,34.62018,34.17633,33.37399,33.35692,32.79357,32.45215,31.68395,31.54738,30.86454,30.26705,29.58420,29.07207,28.61115,27.79174,26.63090,25.99927,25.52128,24.56530,23.66053,23.01183,22.46556,21.95343
2007,Surry Hills 33_11kV,02JUN2006,MW,21.57786,21.04866,20.45117,20.02439,19.83661,19.75125,19.18791,18.96598,18.88063,18.57335,18.30021,18.18071,18.04415,17.95879,18.04415,18.21486,18.23193,18.31728,18.50506,19.15377,19.56347,20.16096,21.16816,22.32899,24.30924,25.47007,26.64798,28.32094,30.84746,32.14487,34.10804,35.01281,36.20779,36.48093,36.77113,37.40276,37.28327,37.96611,37.65883,37.98318,38.44410,38.73431,38.81966,38.73431,38.88795,38.81966,39.04159,38.70017,39.10987,38.81966,39.12694,39.34887,39.46837,39.21230,39.16109,39.51958,39.02452,38.88795,38.88795,38.92209,39.09280,38.58067,39.04159,38.83674,38.90502,39.38301,39.87807,39.91221,39.87807,38.88795,38.78552,37.89783,36.60042,36.36143,35.33716,35.06402,34.19340,33.76662,33.71541,33.06671,32.11073,31.47910,31.08646,30.31826,29.90855,29.55006,28.98672,28.32094,27.51860,27.14304,26.47726,25.81149,25.02622,24.42873,23.88246,23.42154
2007,Surry Hills 33_11kV,03JUN2006,MW,22.78991,22.19242,21.83393,21.03159,21.06573,20.38288,20.16096,19.75125,19.40983,18.96598,18.82942,18.76113,18.64163,18.40264,18.52214,18.43678,18.35142,18.28314,18.59042,18.67578,18.81234,18.74406,18.98306,19.35862,20.45117,20.63895,20.89502,21.39008,21.83393,22.61920,22.94355,23.67761,24.73601,25.29936,25.48714,25.81149,26.52848,27.19425,27.60396,27.89417,28.44044,28.37216,29.17450,29.49885,29.55006,29.27692,29.07207,29.39642,29.36228,29.22571,28.74772,28.45751,28.85015,28.33801,27.86002,27.86002,27.80881,27.72345,27.36496,27.56981,27.82588,27.79174,27.43325,27.07475,27.29668,27.45032,28.04781,28.83308,29.46471,30.02805,30.28412,30.55726,30.31826,30.40362,30.14755,29.75491,29.32814,29.05500,28.78186,28.32094,27.60396,27.16011,26.76747,26.85283,26.63090,26.13584,25.79442,25.19693,24.77016,24.63359,24.25802,23.78003,23.52397,23.45568,23.04598,22.48263
2007,Surry Hills 33_11kV,04JUN2006,MW,22.05585,21.78271,21.03159,20.75845,20.55360,19.99025,19.64883,19.30741,19.17084,18.81234,18.65870,18.40264,18.18071,18.18071,18.04415,18.06122,17.95879,17.90758,17.82222,17.92465,17.97586,18.23193,18.26607,18.77820,19.44397,19.47812,19.93904,19.81954,19.97318,20.12682,20.82673,21.13401,21.74857,21.90221,22.48263,22.84112,23.47275,24.00196,24.22388,24.51409,24.87258,25.33350,25.11158,25.23108,25.58957,25.86271,25.62371,25.64078,25.67492,25.82856,25.65785,25.24815,25.36764,25.23108,25.62371,25.33350,25.64078,25.76028,25.82856,25.57250,25.65785,25.57250,25.67492,25.89685,26.22120,26.37484,26.90404,27.60396,28.64529,29.17450,29.65249,29.29400,29.70370,29.61835,29.77199,29.82320,29.87441,29.20864,29.00379,29.05500,28.59408,28.52580,28.25266,28.18437,27.70638,27.31375,26.81869,26.18706,25.69199,25.07744,24.66773,23.91660,23.23376,22.65334,22.19242,21.74857
2007,Surry Hills 33_11kV,05JUN2006,MW,21.37301,20.94623,20.29753,19.95611,19.35862,19.20498,18.89770,18.59042,18.60749,18.09536,17.80515,17.92465,17.75394,17.56615,17.68565,17.65151,17.71979,17.75394,18.12950,18.45385,19.05134,19.87075,20.46824,21.71443,24.07024,24.73601,26.52848,28.52580,31.46202,33.10085,35.62737,36.36143,37.98318,39.00745,39.69029,40.35606,40.98769,41.56811,41.14133,41.44861,41.72175,42.04610,41.82418,42.38752,41.56811,41.75589,41.63640,41.68761,41.90953,41.70468,41.72175,41.85832,41.85832,41.75589,42.01196,41.79004,41.56811,41.19255,41.43154,41.60225,41.73882,41.19255,41.61932,41.97782,41.49983,41.63640,42.19974,41.85832,41.39740,41.48276,40.79991,40.15121,38.93916,38.35875,37.89783,37.59055,36.68578,36.03708,35.74687,34.92746,34.82503,33.95440,33.52763,32.72528,31.90587,31.32546,30.09634,29.82320,28.42337,27.31375,26.34070,25.55543,24.59944,24.07024,23.25083,22.44849
2007,Surry Hills 33_11kV,06JUN2006,MW,21.85100,21.45836,20.70724,20.38288,20.05853,20.09268,19.51226,19.34155,19.23912,18.84649,18.62456,18.41971,18.55628,18.41971,18.45385,18.35142,18.31728,18.55628,18.60749,19.13669,19.59761,20.05853,21.21937,22.61920,24.36045,25.99927,27.63810,29.36228,32.45215,33.54470,35.78101,36.29314,38.27339,39.14402,39.72443,40.44142,41.38033,41.44861,41.34619,41.15840,40.95355,40.88527,40.69749,41.70468,41.87539,41.58518,41.72175,41.03891,41.60225,41.22669,41.58518,41.38033,41.07305,40.86820,40.44142,40.04878,39.92929,40.11707,40.01464,39.82686,39.07573,39.34887,38.64895,39.38301,39.16109,38.99038,39.38301,40.32192,40.39021,39.96343,39.74150,38.80259,38.00025,37.57348,37.41984,36.77113,35.96879,35.81515,35.69565,34.91038,34.34704,33.85198,33.28863,32.21315,31.29131,31.03525,30.65968,29.60127,28.47458,27.96245,26.81869,25.98220,25.24815,24.41166,23.62639,22.85819
2007,Surry Hills 33_11kV,07JUN2006,MW,22.17535,21.44129,21.11694,20.74138,20.41703,20.29753,19.80247,19.47812,18.93184,18.86356,18.55628,18.59042,18.28314,18.28314,18.31728,18.26607,18.35142,18.48799,18.70992,19.37569,19.78540,20.50238,21.61200,22.80698,24.88965,25.89685,27.87709,29.51592,31.95709,33.80076,35.76394,36.77113,38.08561,38.64895,39.46837,39.28058,40.37313,40.30485,40.13414,40.23657,40.40728,40.52677,40.44142,40.86820,40.86820,40.66334,40.78284,41.19255,40.83405,40.30485,40.27071,40.44142,39.89514,39.92929,39.79272,39.50251,39.24644,39.09280,38.39289,38.52946,38.40996,38.68310,38.68310,38.61481,38.22218,38.63188,38.08561,38.95623,38.80259,38.64895,38.95623,38.01732,37.28327,36.53214,36.13950,35.43959,35.57616,34.87624,34.72260,34.12511,33.22035,32.81064,32.29851,31.59859,31.17182,30.45483,29.55006,29.07207,28.23559,27.27961,26.39191,25.72614,24.66773,24.15560,23.45568,22.48263
2007,Surry Hills 33_11kV,08JUN2006,MW,22.15828,21.49251,21.18523,20.45117,20.16096,19.88782,19.47812,19.06841,19.06841,18.91477,18.50506,18.38557,18.16364,18.24900,18.38557,18.41971,18.45385,18.48799,18.81234,19.20498,20.04146,20.46824,21.47543,22.65334,24.95794,26.03342,27.38203,29.17450,31.80345,33.27156,35.32009,36.49800,37.45398,38.44410,38.73431,39.10987,39.51958,39.50251,39.48544,39.19523,39.51958,39.69029,39.86100,39.55372,39.57079,39.86100,39.69029,39.69029,39.69029,39.50251,39.41715,39.45130,39.31473,39.21230,38.66603,39.07573,38.88795,39.05866,38.58067,38.51239,38.06854,37.96611,37.91490,37.89783,37.82954,37.72711,37.86368,38.03439,38.51239,38.32460,38.11975,37.21498,36.24193,36.07122,35.71273,34.73967,34.72260,34.05683,33.81783,33.30570,32.72528,32.07658,31.95709,31.13767,30.28412,29.92563,29.37935,28.71358,27.94538,27.04061,26.61383,25.79442,24.58237,23.71175,22.08999,21.28765
2007,Surry Hills 33_11kV,09JUN2006,MW,20.80966,20.38288,19.73418,19.52933,19.06841,18.81234,18.55628,18.16364,18.06122,17.70272,18.74406,18.57335,18.33435,18.26607,18.28314,18.26607,18.24900,18.30021,18.67578,18.91477,19.44397,19.99025,21.11694,22.51677,24.39459,25.23108,26.93818,28.37216,31.20596,32.16194,34.41532,35.38838,36.56628,37.59055,37.79540,38.42703,38.97330,39.10987,39.02452,39.09280,39.43422,39.29766,38.99038,39.34887,39.69029,39.55372,39.34887,39.46837,39.75858,39.69029,39.55372,39.36594,39.04159,38.70017,38.73431,39.16109,38.81966,38.90502,38.97330,38.44410,38.40996,37.96611,37.81247,38.29046,37.77833,37.98318,38.18803,38.42703,37.93197,37.62469,37.07841,36.34436,34.85917,34.65432,34.21047,33.71541,33.22035,32.96428,32.43508,31.39374,30.88161,30.48897,29.89148,29.20864,28.50872,27.75760,27.63810,26.93818,26.15291,25.76028,25.29936,24.82137,24.01903,23.72882,23.06305,22.24363
2007,Surry Hills 33_11kV,10JUN2006,MW,22.10707,21.79979,21.45836,20.77552,20.39996,20.14389,19.87075,19.54640,19.42690,19.11962,18.81234,18.79527,18.59042,18.43678,18.33435,18.40264,18.28314,18.09536,18.11243,18.21486,18.28314,18.38557,18.48799,19.10255,19.85368,20.02439,20.22924,20.82673,21.20230,21.61200,22.48263,22.75577,23.60932,24.12145,24.75308,24.94087,25.33350,26.06756,26.56262,26.90404,27.34789,27.58689,27.84295,28.08195,28.03073,28.21852,28.28680,27.99659,28.13316,27.97952,27.94538,28.30387,27.72345,27.56981,27.62103,27.96245,27.50153,27.17718,27.16011,26.92111,27.02354,26.86990,27.09182,27.07475,26.95526,27.62103,28.38923,29.00379,29.08914,28.85015,29.29400,29.32814,29.12328,29.05500,28.96964,28.66236,28.47458,28.33801,27.75760,27.38203,27.39910,27.02354,26.61383,26.40898,26.11877,25.72614,25.41886,25.17986,25.02622,24.59944,24.20681,23.62639,23.40447,23.25083,23.11426,22.58506
2007,Surry Hills 33_11kV,11JUN2006,MW,22.41434,21.81686,21.40715,20.91209,20.75845,20.46824,19.90489,19.40983,19.22205,18.98306,18.88063,18.84649,18.59042,18.24900,18.18071,18.18071,18.07829,18.14657,18.12950,18.31728,18.21486,18.40264,18.67578,19.03427,19.52933,19.75125,19.93904,19.70004,20.24632,20.51945,20.91209,21.16816,21.39008,21.79979,22.32899,22.61920,23.01183,23.81417,24.03610,24.51409,25.16279,25.55543,25.87978,25.89685,26.27241,26.54555,26.69919,26.92111,26.54555,26.85283,26.98940,27.36496,27.22839,27.21132,27.17718,27.02354,26.86990,26.75040,26.46019,26.61383,26.47726,26.75040,26.92111,27.09182,27.24546,27.68931,28.01366,28.73065,29.07207,29.48178,29.61835,29.53299,29.25985,29.51592,29.32814,29.37935,29.41349,28.95257,28.83308,28.85015,28.44044,28.26973,27.89417,27.50153,27.43325,27.10890,26.90404,26.56262,25.93099,25.65785,25.09451,24.80430,24.00196,23.95074,23.40447,22.73870
2007,Surry Hills 33_11kV,12JUN2006,MW,22.38020,22.02171,21.66322,21.08280,21.08280,20.45117,20.29753,19.83661,19.70004,19.27326,19.29033,19.10255,18.81234,18.77820,18.52214,18.79527,18.57335,18.67578,18.62456,19.05134,19.39276,19.47812,19.73418,20.91209,21.81686,22.32899,22.65334,23.19962,24.34338,24.65066,25.52128,26.35777,26.98940,27.39910,27.82588,28.08195,28.64529,28.85015,29.39642,29.32814,29.37935,29.25985,29.48178,30.04512,29.94270,29.89148,29.89148,29.75491,29.73784,29.63542,29.12328,29.02086,28.59408,28.32094,28.61115,28.20145,28.11609,27.96245,28.01366,27.84295,27.84295,27.89417,28.16730,28.03073,28.85015,29.20864,30.09634,31.01818,31.99123,32.99842,33.01549,32.74236,32.26437,32.46922,32.09365,32.09365,31.78637,31.34253,31.46202,31.27424,30.60847,30.59140,30.16462,29.49885,29.03793,28.59408,28.42337,27.74053,26.78454,26.35777,25.69199,25.31643,24.36045,23.98489,23.48982,23.28497
2007,Surry Hills 33_11kV,13JUN2006,MW,22.70455,21.86807,21.73150,21.21937,20.87795,20.41703,20.02439,19.66590,19.25619,19.30741,18.84649,18.69285,18.53921,18.55628,18.35142,18.36850,18.41971,18.45385,18.81234,19.25619,19.85368,20.33167,21.39008,22.61920,24.54823,25.81149,27.48446,29.66956,32.29851,33.52763,35.74687,36.65164,38.61481,38.95623,39.43422,39.96343,40.39021,40.13414,40.39021,40.66334,40.59506,40.97062,40.32192,40.56092,40.40728,40.25364,40.52677,40.27071,40.47556,40.37313,40.04878,40.33899,40.20242,39.48544,39.98050,39.62201,38.81966,39.14402,39.16109,38.80259,38.56360,38.39289,38.11975,38.61481,38.42703,38.54653,38.92209,39.45130,39.53665,39.58786,39.41715,38.64895,37.77833,37.11256,36.61749,37.23205,36.42971,36.24193,36.19072,35.26888,34.65432,34.14219,33.81783,32.70821,31.70102,31.13767,30.52311,29.85734,28.38923,27.60396,26.80162,25.87978,24.73601,24.03610,23.23376,22.73870
2007,Surry Hills 33_11kV,14JUN2006,MW,22.22656,21.61200,21.11694,20.75845,20.34874,20.04146,19.70004,19.66590,19.42690,19.22205,18.82942,18.79527,18.82942,18.79527,18.65870,18.67578,18.72699,18.82942,19.01720,19.58054,19.97318,20.51945,21.64615,23.23376,25.52128,26.35777,28.61115,30.04512,32.50336,33.83491,36.49800,37.53933,38.80259,39.09280,39.94636,39.69029,40.33899,40.23657,40.28778,40.44142,40.30485,40.54385,39.75858,40.30485,40.79991,40.50970,40.54385,40.01464,40.45849,40.68041,40.30485,39.82686,39.55372,39.63908,39.04159,39.57079,38.80259,39.04159,38.81966,39.10987,38.81966,38.18803,38.54653,38.15389,38.49531,38.30753,38.46117,39.09280,39.51958,39.75858,39.60494,38.76845,37.57348,37.57348,37.01013,36.82235,36.00293,35.71273,35.33716,35.04695,34.56896,33.98855,33.30570,32.62286,31.97416,31.73516,31.51324,30.54018,29.22571,28.04781,27.45032,26.57969,25.45300,24.82137,24.10438,23.40447
2007,Surry Hills 33_11kV,15JUN2006,MW,22.70455,22.44849,21.78271,21.30472,21.18523,20.65602,20.26339,19.80247,19.76833,19.30741,19.23912,18.77820,18.86356,18.91477,18.86356,18.89770,19.01720,19.22205,19.42690,19.81954,20.65602,21.42422,22.46556,23.74589,25.98220,26.44312,27.92831,29.89148,33.20328,34.21047,36.03708,37.28327,37.93197,39.10987,39.46837,39.92929,40.25364,39.75858,39.60494,40.16828,40.06585,39.96343,39.79272,40.47556,40.44142,40.16828,40.08293,40.21949,39.92929,40.01464,40.16828,39.86100,39.14402,39.04159,39.24644,39.12694,38.61481,38.73431,38.42703,38.64895,38.27339,38.63188,38.27339,38.39289,38.37582,38.11975,38.15389,39.05866,38.49531,39.19523,39.10987,37.91490,36.56628,36.60042,36.27607,35.71273,35.61030,34.80796,34.50068,34.09097,33.66419,33.39106,32.86185,31.95709,31.85466,31.29131,31.17182,30.01098,28.76479,28.11609,27.22839,26.97233,25.77735,24.99208,24.18974,23.62639
2007,Surry Hills 33_11kV,16JUN2006,MW,23.11426,22.43142,21.88514,21.56079,21.28765,20.77552,20.36581,20.31460,20.04146,19.81954,19.46105,19.35862,19.32448,19.17084,19.13669,19.22205,19.32448,19.27326,19.39276,19.83661,20.50238,20.94623,21.83393,23.25083,25.84563,26.39191,28.18437,30.14755,32.52043,33.98855,36.25900,37.14670,38.51239,39.21230,39.62201,40.11707,40.27071,40.64627,40.08293,40.15121,39.99757,40.16828,40.27071,40.16828,40.45849,40.10000,39.82686,40.39021,40.04878,40.10000,39.53665,39.45130,39.14402,38.85381,38.99038,38.70017,38.70017,38.88795,38.56360,38.49531,38.01732,37.86368,37.74419,37.86368,37.72711,37.79540,37.91490,38.52946,38.51239,38.47824,38.00025,37.64176,36.19072,35.95172,35.30302,35.04695,34.21047,33.80076,33.35692,33.06671,32.63993,31.78637,31.66688,30.88161,30.57433,29.89148,29.63542,28.83308,28.23559,27.33082,26.81869,26.49434,25.67492,25.14572,24.63359,24.34338
2007,Surry Hills 33_11kV,17JUN2006,MW,23.66053,23.26790,22.67041,22.29485,21.81686,21.21937,20.87795,20.82673,20.34874,20.14389,20.05853,19.83661,19.68297,19.46105,19.25619,19.23912,19.18791,19.10255,19.17084,19.25619,19.40983,19.39276,19.71711,20.43410,21.27058,21.56079,21.59493,22.02171,22.84112,23.06305,23.86539,23.96781,24.92380,25.57250,26.06756,26.66505,27.12597,27.19425,27.68931,27.91124,28.28680,28.13316,28.35509,28.76479,28.67944,28.69651,28.26973,28.26973,27.99659,27.91124,27.79174,27.72345,27.70638,27.74053,27.55274,27.41617,27.53567,27.45032,27.63810,27.16011,27.14304,27.39910,27.48446,27.34789,27.70638,27.74053,28.44044,29.31107,30.02805,30.69382,30.74504,30.65968,30.81332,30.93282,30.65968,30.62554,30.28412,29.85734,29.43056,29.37935,29.03793,28.44044,28.03073,27.84295,27.53567,26.88697,26.57969,26.34070,25.86271,25.58957,25.19693,25.06036,24.78723,24.29216,24.07024,23.54104
2007,Surry Hills 33_11kV,18JUN2006,MW,23.30204,22.60213,22.17535,21.95343,21.27058,21.30472,20.60481,20.31460,20.04146,19.34155,19.39276,19.25619,19.10255,19.15377,19.05134,19.06841,18.77820,18.74406,18.86356,19.05134,18.93184,19.17084,19.27326,19.85368,20.46824,20.74138,20.57067,20.70724,21.16816,21.13401,21.57786,22.29485,23.01183,23.69468,24.07024,24.24095,24.83844,25.16279,25.48714,25.43593,25.84563,25.82856,25.89685,26.32363,26.15291,26.46019,26.40898,26.40898,26.13584,26.28948,25.93099,25.64078,25.64078,25.41886,25.19693,25.29936,25.21400,25.29936,24.99208,24.87258,24.88965,25.17986,25.21400,25.35057,25.57250,25.84563,27.19425,27.60396,28.78186,29.36228,29.92563,30.31826,30.30119,30.38655,30.96696,30.65968,30.36947,30.14755,30.11341,29.48178,29.70370,29.39642,29.07207,28.78186,28.15023,27.99659,27.43325,26.92111,26.49434,25.94806,24.90672,24.73601,23.79710,23.52397,22.99476,22.48263
2007,Surry Hills 33_11kV,19JUN2006,MW,22.03878,21.66322,21.11694,21.04866,20.74138,20.55360,20.07561,20.17803,19.92197,19.59761,19.47812,19.61469,19.32448,19.20498,19.22205,18.94891,18.96598,18.77820,19.03427,19.40983,20.41703,20.75845,21.54372,22.67041,24.92380,26.44312,27.63810,29.02086,31.70102,33.22035,35.45666,36.63457,37.96611,38.23925,38.47824,39.45130,39.99757,40.30485,40.69749,40.42435,40.47556,40.64627,40.57799,40.78284,40.97062,40.74870,40.61213,40.97062,40.86820,40.66334,40.66334,40.45849,40.37313,40.74870,39.67322,39.65615,39.46837,39.79272,39.38301,39.53665,39.00745,39.02452,39.17816,39.10987,38.81966,38.71724,38.76845,39.31473,39.63908,39.50251,38.92209,38.25632,37.48812,36.70285,36.61749,36.49800,36.02001,35.78101,35.42252,34.72260,33.98855,33.51056,32.70821,31.92294,31.03525,31.10353,30.38655,29.36228,28.09902,27.29668,26.37484,25.77735,24.44580,23.79710,23.08012,22.55091
2007,Surry Hills 33_11kV,20JUN2006,MW,21.90221,21.40715,21.08280,20.80966,20.29753,19.87075,19.51226,19.47812,19.18791,19.05134,18.76113,18.69285,18.62456,18.41971,18.72699,18.72699,18.43678,18.65870,18.60749,19.39276,20.02439,20.46824,21.39008,22.65334,24.44580,25.82856,27.26254,29.15743,31.92294,33.66419,35.32009,36.63457,37.84661,38.23925,38.61481,39.31473,39.67322,39.28058,39.19523,39.16109,38.81966,39.33180,39.45130,39.40008,39.50251,39.67322,38.97330,39.84393,39.62201,39.50251,39.22937,38.95623,39.10987,38.93916,39.10987,38.90502,39.12694,38.92209,38.27339,37.93197,38.46117,38.05147,38.49531,37.94904,38.06854,37.98318,37.93197,38.51239,38.37582,38.40996,37.59055,37.55640,36.07122,36.12243,35.55909,35.38838,34.84210,34.24461,34.05683,33.30570,32.89600,32.69114,31.99123,31.37667,30.62554,30.40362,29.63542,28.98672,27.74053,27.24546,26.20413,25.52128,24.68480,23.79710,22.94355,22.65334
2007,Surry Hills 33_11kV,21JUN2006,MW,22.07292,21.50958,20.89502,20.38288,20.17803,19.58054,19.20498,19.25619,18.89770,18.70992,18.55628,18.23193,18.21486,18.33435,18.18071,18.23193,18.21486,18.30021,18.38557,19.05134,19.90489,20.17803,21.18523,22.43142,24.24095,25.28229,26.73333,28.91843,31.58152,32.84478,34.87624,35.79808,37.09548,37.72711,38.52946,38.70017,39.16109,39.09280,39.31473,39.17816,39.96343,39.70736,40.28778,40.54385,40.59506,40.81698,40.69749,40.56092,40.44142,40.90234,40.68041,40.73163,40.76577,40.69749,40.13414,40.25364,39.89514,39.31473,39.67322,39.45130,39.38301,39.00745,38.81966,38.97330,38.64895,38.40996,38.71724,38.88795,39.02452,39.02452,38.85381,38.17096,36.83942,36.46385,36.10536,35.90051,35.23474,34.99574,34.34704,33.97147,33.13499,32.81064,32.07658,31.64981,30.77918,30.26705,29.73784,28.69651,27.86002,27.34789,26.32363,25.48714,24.42873,23.89953,23.21669,22.60213
2007,Surry Hills 33_11kV,22JUN2006,MW,22.14121,21.47543,20.99744,20.75845,20.46824,19.97318,19.58054,19.58054,19.03427,18.89770,18.70992,18.28314,18.28314,18.14657,18.11243,18.23193,18.35142,18.55628,18.57335,19.23912,19.99025,20.57067,21.59493,22.44849,24.65066,25.45300,27.29668,28.67944,31.66688,32.72528,34.55189,35.54202,36.78820,37.04427,37.48812,37.93197,38.34167,38.20511,38.59774,38.88795,39.50251,39.09280,39.09280,39.62201,39.77565,40.04878,39.69029,39.69029,40.03171,39.91221,40.10000,39.65615,39.55372,39.58786,39.16109,39.31473,39.14402,38.92209,38.99038,38.80259,38.61481,38.29046,38.40996,38.37582,38.05147,38.27339,38.30753,38.27339,38.22218,38.01732,38.13682,37.19791,35.71273,35.20059,34.73967,34.68846,33.83491,33.54470,33.08378,32.72528,32.23022,31.95709,31.25717,30.84746,29.89148,29.43056,29.44764,28.55994,27.21132,26.35777,25.89685,25.28229,24.46288,23.95074,23.04598,22.60213
2007,Surry Hills 33_11kV,23JUN2006,MW,22.15828,21.62907,20.92916,20.86088,20.36581,20.12682,19.68297,19.39276,19.22205,19.17084,18.79527,18.70992,18.62456,18.55628,18.62456,18.64163,18.77820,19.08548,19.39276,20.33167,21.23644,21.40715,22.20949,24.34338,25.65785,26.35777,27.75760,29.58420,32.26437,32.96428,35.37130,35.45666,36.37850,36.77113,37.64176,38.11975,38.00025,37.72711,38.40996,38.30753,38.58067,38.18803,38.49531,38.68310,38.88795,38.37582,38.54653,38.58067,38.71724,38.56360,38.11975,38.52946,38.35875,38.37582,37.86368,37.96611,37.98318,37.69297,37.50519,37.52226,37.04427,36.82235,36.75406,36.89063,37.07841,36.97599,36.94184,37.30034,37.38569,37.11256,36.70285,35.95172,34.65432,34.10804,33.16913,32.86185,31.83759,31.47910,31.29131,30.76211,30.01098,29.61835,29.56713,28.90136,28.16730,27.75760,27.65517,27.27961,26.28948,25.81149,25.24815,24.92380,24.15560,23.66053,22.96062,22.63627
2007,Surry Hills 33_11kV,24JUN2006,MW,22.31192,21.61200,21.20230,20.77552,20.36581,20.14389,19.70004,19.18791,19.11962,19.01720,18.67578,18.70992,18.33435,18.18071,18.18071,18.14657,18.23193,18.21486,18.16364,18.45385,18.47092,18.50506,18.65870,19.32448,20.19510,20.48531,20.72431,20.94623,21.47543,22.43142,22.90941,23.83125,24.34338,24.61652,25.04329,25.52128,26.13584,26.18706,26.92111,26.73333,27.63810,27.12597,27.60396,27.68931,27.62103,27.51860,27.29668,27.12597,27.02354,26.81869,26.30655,26.30655,26.44312,26.47726,26.44312,25.91392,25.64078,25.69199,25.89685,25.57250,25.86271,25.79442,25.79442,25.57250,25.93099,26.16999,26.86990,27.41617,28.45751,28.98672,29.32814,29.43056,29.46471,29.53299,29.53299,29.31107,28.57701,28.45751,28.28680,27.60396,27.53567,27.04061,26.83576,26.49434,26.27241,25.81149,25.55543,25.36764,24.80430,24.73601,24.25802,23.86539,23.55811,23.08012,22.89234,22.58506
2007,Surry Hills 33_11kV,25JUN2006,MW,22.24363,21.91928,21.54372,21.13401,20.91209,20.69016,20.04146,20.02439,19.71711,19.40983,19.15377,18.79527,18.65870,18.57335,18.38557,18.43678,18.43678,18.50506,18.30021,18.52214,18.96598,18.98306,18.88063,19.39276,20.04146,20.05853,20.22924,20.00732,20.46824,20.46824,21.20230,21.49251,22.03878,22.87526,23.04598,23.54104,23.84832,24.65066,24.65066,25.26522,25.43593,25.77735,25.38471,25.79442,25.87978,26.18706,26.39191,26.35777,26.10170,25.96513,25.84563,25.67492,25.33350,25.19693,25.07744,25.17986,25.31643,25.33350,25.31643,24.97501,25.14572,25.28229,25.50421,25.58957,25.81149,26.18706,26.98940,27.87709,28.96964,29.46471,29.89148,30.16462,29.97684,30.16462,30.31826,30.23291,30.33533,29.77199,29.89148,29.65249,29.36228,29.24278,28.44044,28.28680,27.79174,27.58689,27.09182,26.63090,25.84563,25.23108,24.73601,23.95074,23.54104,23.13133,22.53384,21.93635
2007,Surry Hills 33_11kV,26JUN2006,MW,21.78271,21.32179,20.69016,20.51945,20.05853,19.78540,19.58054,19.35862,19.06841,18.81234,18.91477,18.50506,18.45385,18.24900,18.21486,18.33435,18.38557,18.48799,18.74406,19.22205,20.29753,20.86088,21.27058,22.82405,25.04329,26.42605,27.86002,29.55006,32.38386,33.90319,36.25900,36.92477,38.17096,38.68310,38.87088,39.75858,39.80979,40.45849,39.98050,39.98050,40.27071,40.16828,40.23657,40.32192,40.30485,39.98050,40.27071,40.50970,40.61213,39.91221,40.13414,40.49263,39.91221,40.18535,39.94636,39.50251,39.14402,39.51958,39.16109,38.37582,38.29046,37.82954,38.23925,38.61481,38.18803,38.23925,38.32460,38.66603,38.68310,39.02452,38.83674,38.20511,36.56628,36.85649,36.46385,36.71992,35.67858,35.14938,34.68846,34.26168,33.63005,33.37399,32.84478,31.73516,31.32546,30.79625,30.21583,29.55006,28.30387,27.77467,27.33082,26.08463,25.26522,24.87258,23.69468,23.57518
2007,Surry Hills 33_11kV,27JUN2006,MW,23.06305,22.78991,22.49970,22.14121,21.88514,21.61200,21.42422,21.27058,21.01452,20.80966,20.72431,20.26339,19.81954,19.39276,19.32448,19.20498,19.20498,19.17084,19.34155,19.71711,20.41703,20.86088,21.78271,23.02890,24.85551,25.79442,27.65517,28.93550,31.39374,32.57164,34.15926,36.17365,37.21498,37.81247,38.00025,38.85381,39.19523,39.05866,39.16109,38.97330,38.99038,39.16109,38.63188,38.93916,38.71724,39.07573,39.12694,38.90502,38.90502,38.64895,38.75138,38.73431,38.97330,38.83674,38.56360,38.58067,38.39289,38.25632,37.93197,38.42703,37.31741,37.59055,37.74419,37.45398,37.50519,37.47105,37.62469,38.05147,38.29046,37.94904,38.18803,37.35155,36.05415,35.83222,35.30302,35.42252,34.73967,34.72260,34.46654,33.76662,33.52763,33.08378,33.01549,32.19608,31.00110,31.00110,30.09634,28.85015,28.04781,27.33082,26.47726,25.55543,24.80430,24.00196,23.01183,22.38020
2007,Surry Hills 33_11kV,28JUN2006,MW,21.93635,21.61200,21.11694,20.57067,20.33167,20.05853,19.68297,19.73418,19.42690,19.06841,19.00013,18.76113,18.81234,18.55628,18.53921,18.77820,18.60749,18.98306,19.11962,19.66590,20.41703,20.99744,21.90221,23.13133,25.04329,26.23827,27.97952,29.65249,32.52043,33.85198,35.91758,37.12963,38.05147,38.42703,39.09280,39.33180,39.55372,39.69029,39.75858,39.57079,39.62201,39.67322,39.34887,39.89514,39.34887,39.57079,39.19523,39.00745,39.38301,39.55372,39.43422,38.83674,38.97330,39.07573,38.80259,38.34167,38.30753,38.75138,37.93197,37.57348,37.62469,37.41984,37.52226,37.04427,37.38569,37.14670,37.23205,37.38569,37.33448,38.10268,37.94904,37.18084,36.39557,36.15657,35.74687,35.50787,34.55189,34.27875,34.41532,33.57884,33.20328,32.52043,32.31558,31.64981,31.12060,30.69382,30.01098,29.29400,27.96245,27.50153,26.47726,25.70907,24.75308,24.00196,23.35325,22.72162
2007,Surry Hills 33_11kV,29JUN2006,MW,22.17535,21.90221,21.28765,20.86088,20.43410,20.28046,19.90489,19.58054,19.47812,19.25619,19.01720,18.74406,18.77820,18.72699,18.53921,18.59042,18.74406,18.86356,19.11962,19.54640,20.34874,20.84380,21.88514,22.89234,24.80430,25.82856,27.53567,29.12328,32.26437,33.93733,36.03708,36.56628,37.84661,38.63188,39.00745,39.17816,39.48544,39.02452,39.10987,39.29766,39.41715,39.28058,39.19523,39.57079,39.46837,39.34887,39.34887,39.87807,39.74150,39.22937,38.76845,38.54653,38.81966,38.61481,38.32460,38.25632,38.83674,38.25632,38.13682,37.64176,37.65883,37.41984,37.57348,37.62469,38.15389,37.67590,37.53933,37.38569,38.13682,38.44410,38.10268,37.12963,35.76394,35.57616,35.01281,34.72260,34.03976,33.52763,33.08378,32.41801,31.95709,31.71809,31.35960,30.88161,30.18169,29.97684,29.73784,28.57701,27.63810,27.10890,26.39191,25.64078,24.75308,24.32631,23.47275,22.58506
2007,Surry Hills 33_11kV,30JUN2006,MW,22.22656,21.86807,21.15108,21.08280,20.29753,20.09268,19.71711,19.56347,19.22205,19.20498,19.00013,18.77820,18.57335,18.38557,18.35142,18.57335,18.53921,18.69285,18.93184,19.23912,19.85368,20.75845,21.39008,22.84112,24.82137,25.96513,27.29668,28.85015,31.70102,32.96428,34.85917,36.53214,37.02720,37.45398,38.63188,38.63188,38.90502,39.33180,39.45130,39.57079,39.74150,39.43422,39.34887,39.75858,40.18535,39.72443,39.98050,39.69029,39.67322,39.55372,39.31473,39.41715,39.50251,39.86100,39.87807,39.26351,39.12694,39.36594,39.07573,38.93916,38.30753,38.34167,38.01732,37.91490,38.03439,38.42703,38.51239,39.12694,38.37582,38.00025,37.43691,37.09548,35.50787,34.92746,34.48361,34.02269,33.45934,33.13499,32.96428,31.88880,31.56445,31.32546,30.93282,30.40362,29.94270,29.51592,29.08914,28.44044,27.67224,27.48446,26.54555,26.25534,25.94806,25.24815,24.71894,23.72882
2007,Surry Hills 33_11kV,01JUL2006,MW,23.76296,22.96062,22.43142,22.05585,21.62907,21.08280,20.58774,20.74138,20.63895,20.07561,20.02439,19.71711,19.68297,19.51226,19.20498,19.05134,19.03427,18.91477,18.96598,19.06841,19.29033,19.13669,19.52933,20.22924,20.82673,21.20230,21.42422,21.47543,22.43142,22.46556,23.42154,24.10438,24.71894,24.80430,25.47007,25.94806,26.28948,26.88697,26.95526,27.38203,27.56981,27.77467,27.46739,27.75760,27.72345,27.70638,27.75760,27.86002,27.21132,27.45032,27.22839,27.17718,26.98940,26.61383,26.49434,26.39191,26.13584,26.13584,26.28948,26.23827,25.93099,25.67492,25.77735,25.96513,26.30655,26.80162,27.26254,28.03073,28.54287,29.66956,30.09634,29.94270,29.72077,29.95977,29.87441,29.61835,29.14036,28.64529,28.81600,28.49165,28.11609,27.72345,27.46739,27.27961,26.95526,26.39191,26.11877,25.53835,25.40179,25.14572,24.82137,24.17267,23.76296,23.28497,23.16547,22.94355
2007,Surry Hills 33_11kV,02JUL2006,MW,22.56798,22.10707,21.52665,21.30472,21.03159,20.77552,20.21217,19.92197,19.87075,19.73418,19.49519,19.15377,19.29033,18.89770,18.82942,18.62456,18.70992,18.59042,18.67578,18.98306,18.81234,18.72699,19.05134,19.42690,19.85368,20.05853,20.21217,20.05853,20.05853,20.45117,20.69016,21.09987,21.76564,22.19242,22.61920,23.25083,24.00196,24.61652,24.85551,24.59944,24.95794,25.00915,25.33350,25.26522,25.40179,25.48714,25.33350,25.76028,25.43593,25.35057,25.41886,25.11158,25.16279,24.78723,24.85551,24.46288,24.87258,24.63359,24.27509,24.46288,24.56530,24.27509,24.73601,24.56530,25.09451,25.76028,26.81869,27.50153,28.15023,28.38923,29.07207,29.55006,29.37935,29.49885,29.44764,29.19157,29.20864,29.10621,28.98672,28.74772,28.28680,28.33801,28.08195,27.53567,27.33082,26.90404,26.56262,25.65785,24.88965,24.22388,23.64346,22.99476,22.58506,21.98757,21.76564,21.18523
2007,Surry Hills 33_11kV,03JUL2006,MW,20.80966,20.26339,19.83661,19.59761,19.42690,18.79527,18.47092,18.38557,18.31728,17.95879,17.53201,17.71979,17.70272,17.60030,17.48080,17.48080,17.46373,17.68565,17.95879,18.41971,19.32448,19.97318,20.21217,21.68029,23.86539,24.85551,26.10170,28.09902,30.71090,32.41801,34.17633,34.84210,36.65164,36.48093,37.38569,38.23925,38.30753,38.30753,38.64895,38.92209,39.19523,39.05866,38.58067,38.64895,38.44410,38.90502,38.93916,38.64895,38.66603,38.95623,38.68310,38.70017,38.52946,38.32460,38.05147,38.17096,37.64176,38.11975,38.00025,37.60762,37.60762,37.14670,38.00025,37.28327,37.23205,37.47105,37.72711,37.45398,38.06854,38.05147,37.67590,36.87356,35.81515,35.52494,35.26888,34.50068,34.53482,34.32997,33.57884,33.32277,32.60579,32.14487,31.78637,31.20596,30.60847,30.04512,29.36228,28.62822,27.60396,27.02354,25.89685,25.11158,24.18974,23.47275,22.78991,22.24363
2007,Surry Hills 33_11kV,04JUL2006,MW,21.78271,21.18523,20.72431,20.10975,19.85368,19.40983,19.37569,19.11962,18.86356,18.40264,18.35142,18.30021,18.43678,17.92465,18.16364,18.21486,18.19778,18.28314,18.57335,18.93184,19.75125,19.97318,20.96330,21.90221,23.74589,24.73601,26.37484,28.30387,30.18169,31.59859,33.97147,34.96160,36.29314,36.97599,37.30034,38.05147,38.03439,38.87088,38.52946,38.93916,39.67322,38.87088,39.02452,38.85381,38.88795,39.33180,39.34887,39.74150,38.92209,39.04159,39.00745,39.28058,38.70017,38.71724,38.92209,38.66603,38.80259,37.82954,37.79540,38.08561,37.55640,37.33448,37.43691,37.67590,37.28327,37.31741,37.23205,37.43691,37.31741,37.71004,37.21498,36.54921,35.13231,35.43959,34.96160,34.56896,34.43239,33.78369,33.44227,33.15206,32.07658,32.02537,31.75223,30.96696,30.33533,29.84027,29.29400,28.38923,27.33082,26.23827,25.87978,24.54823,23.84832,22.84112,22.56798,21.98757
2007,Surry Hills 33_11kV,05JUL2006,MW,21.57786,21.09987,20.55360,20.14389,19.63176,19.39276,18.94891,18.77820,18.62456,18.24900,18.12950,18.19778,17.90758,18.11243,17.89051,17.85636,18.18071,18.07829,18.52214,19.18791,20.02439,20.38288,21.04866,22.51677,24.17267,25.16279,26.92111,28.49165,30.94989,32.33265,34.44947,35.83222,36.71992,37.28327,37.52226,37.89783,38.08561,38.11975,38.18803,38.25632,38.20511,38.39289,37.94904,37.74419,38.10268,38.64895,38.01732,38.22218,38.13682,37.86368,37.69297,37.64176,38.35875,37.94904,37.67590,37.60762,37.59055,37.28327,37.01013,37.38569,36.95892,36.70285,36.63457,37.02720,36.51507,36.80528,36.44678,36.85649,36.90770,37.50519,37.33448,36.20779,35.20059,34.67139,34.19340,33.81783,33.37399,32.74236,32.79357,32.16194,31.76930,31.34253,31.01818,30.55726,29.82320,29.32814,29.20864,28.32094,27.09182,26.16999,25.47007,24.92380,23.81417,23.48982,22.89234,22.15828
2007,Surry Hills 33_11kV,06JUL2006,MW,21.86807,21.11694,20.67309,20.17803,19.95611,19.47812,19.40983,19.10255,18.94891,18.43678,18.30021,18.24900,18.21486,18.09536,18.18071,17.99293,18.28314,18.35142,18.77820,19.39276,20.43410,20.55360,20.91209,22.41434,23.98489,25.24815,26.57969,28.44044,30.94989,32.34972,33.78369,34.99574,36.32729,36.75406,37.01013,37.74419,38.10268,37.50519,37.69297,38.00025,37.74419,38.42703,38.35875,37.91490,38.63188,38.35875,38.10268,38.47824,37.82954,38.03439,38.39289,37.67590,37.84661,37.71004,37.41984,37.36862,37.53933,37.43691,37.26620,37.41984,37.36862,37.33448,36.77113,36.82235,36.66871,36.65164,36.46385,36.46385,36.61749,36.94184,36.49800,35.95172,34.68846,34.12511,33.95440,33.61298,32.67407,32.58872,32.29851,31.44495,30.64261,30.04512,29.95977,29.43056,29.07207,28.71358,28.67944,27.96245,27.10890,26.30655,25.52128,25.02622,24.29216,23.45568,22.87526,22.32899
2007,Surry Hills 33_11kV,07JUL2006,MW,22.08999,21.28765,21.13401,20.67309,20.34874,20.02439,19.39276,19.27326,19.30741,18.74406,18.47092,18.26607,18.33435,18.11243,18.28314,17.99293,18.35142,18.33435,18.65870,18.91477,19.70004,20.22924,21.11694,21.81686,23.74589,25.11158,26.80162,28.13316,30.91575,31.97416,34.00562,34.91038,36.19072,36.61749,37.16377,37.79540,38.25632,38.15389,37.60762,38.30753,38.27339,38.10268,38.39289,37.82954,38.05147,38.22218,38.44410,38.05147,38.05147,37.48812,37.62469,37.57348,37.67590,37.50519,37.21498,37.02720,37.40276,37.06134,36.58335,36.65164,36.19072,36.05415,35.76394,35.98586,35.78101,35.93465,36.10536,35.64444,36.05415,36.19072,36.29314,34.99574,33.59591,33.56177,33.37399,33.03256,32.40093,31.53031,31.39374,31.08646,30.76211,30.35240,29.78906,29.20864,28.78186,28.45751,27.94538,27.67224,26.78454,26.20413,25.86271,25.67492,24.77016,23.95074,23.69468,22.96062
2007,Surry Hills 33_11kV,08JUL2006,MW,22.65334,21.98757,21.45836,21.28765,20.72431,20.36581,19.87075,19.80247,19.64883,19.47812,19.08548,19.01720,18.84649,18.70992,18.65870,18.47092,18.55628,18.50506,18.52214,18.69285,18.74406,19.00013,19.30741,19.73418,20.31460,20.72431,21.06573,21.61200,22.02171,22.36313,23.16547,24.01903,24.78723,25.12865,25.36764,25.89685,26.13584,26.52848,26.98940,27.10890,27.50153,27.87709,28.52580,28.28680,27.89417,28.25266,27.99659,27.36496,26.97233,27.16011,26.81869,26.73333,26.88697,26.42605,26.47726,26.40898,26.01635,25.82856,25.69199,25.74321,25.82856,25.74321,26.01635,25.82856,26.08463,26.03342,26.83576,27.58689,28.01366,28.86722,28.96964,29.46471,29.51592,29.49885,29.43056,29.15743,29.03793,28.85015,28.54287,28.13316,27.91124,27.79174,27.53567,27.05768,26.69919,26.61383,26.25534,25.50421,25.21400,25.02622,25.02622,24.34338,23.88246,23.59225,23.11426,22.77284
2007,Surry Hills 33_11kV,09JUL2006,MW,22.29485,21.90221,21.33887,20.92916,20.58774,20.26339,20.12682,19.87075,19.58054,19.49519,18.82942,18.96598,18.53921,18.55628,18.55628,18.55628,18.31728,18.38557,18.55628,18.62456,18.65870,18.86356,19.22205,19.44397,19.95611,20.21217,20.19510,20.26339,20.63895,21.04866,21.28765,21.52665,22.67041,22.92648,23.43861,23.86539,23.91660,24.47995,24.25802,24.88965,25.23108,25.65785,25.79442,25.93099,25.93099,26.01635,25.57250,25.57250,25.62371,25.58957,25.26522,24.77016,24.85551,24.95794,24.75308,24.42873,24.53116,24.51409,24.24095,24.32631,24.36045,24.42873,24.03610,24.95794,25.29936,25.89685,26.23827,26.92111,27.67224,28.78186,29.49885,29.60127,29.66956,29.99391,30.23291,30.02805,29.84027,29.73784,29.31107,29.08914,29.19157,28.96964,28.79893,28.42337,28.06488,27.56981,27.33082,26.73333,25.86271,25.16279,24.58237,23.84832,23.18254,22.72162,22.32899,21.97050
2007,Surry Hills 33_11kV,10JUL2006,MW,21.45836,20.84380,20.48531,20.19510,19.85368,19.52933,19.32448,18.96598,18.82942,18.89770,18.62456,18.33435,18.59042,18.30021,18.35142,18.41971,18.45385,18.72699,19.03427,19.61469,20.46824,20.94623,21.23644,22.78991,25.02622,26.01635,27.26254,29.10621,31.42788,33.16913,35.35423,35.90051,37.21498,37.86368,38.56360,38.88795,39.22937,39.28058,38.95623,39.33180,38.99038,39.50251,39.63908,39.28058,39.33180,38.81966,38.73431,38.64895,39.07573,38.51239,38.51239,38.39289,38.64895,38.37582,37.98318,38.32460,37.98318,38.01732,37.28327,37.48812,37.04427,36.99306,37.11256,37.19791,36.94184,37.23205,37.45398,37.47105,37.81247,38.08561,38.27339,37.04427,35.83222,35.79808,35.37130,34.79089,34.39825,34.09097,34.00562,33.20328,32.86185,32.23022,31.88880,31.58152,30.96696,29.92563,29.44764,28.71358,27.34789,26.75040,26.16999,25.23108,24.20681,23.67761,22.73870,22.14121
2007,Surry Hills 33_11kV,11JUL2006,MW,21.81686,21.28765,20.77552,20.24632,20.10975,19.97318,19.46105,19.35862,18.98306,18.86356,18.65870,18.24900,18.36850,18.28314,18.31728,18.43678,18.33435,18.53921,18.41971,19.01720,19.90489,20.22924,21.08280,22.32899,24.00196,25.00915,26.64798,28.47458,30.64261,32.16194,34.51775,34.87624,35.96879,36.70285,36.70285,37.36862,37.89783,37.62469,37.74419,37.67590,37.77833,38.01732,38.10268,37.96611,37.93197,38.30753,38.13682,37.91490,37.84661,38.27339,38.05147,38.10268,37.91490,37.38569,37.02720,37.43691,37.86368,37.30034,37.11256,37.09548,36.68578,36.66871,36.19072,36.41264,36.36143,36.70285,36.25900,36.82235,36.70285,37.35155,37.24912,36.37850,34.51775,34.70553,34.07390,33.83491,33.15206,32.91307,32.79357,32.17901,31.35960,30.93282,30.45483,29.85734,29.15743,28.71358,28.45751,27.80881,26.85283,25.94806,25.23108,24.47995,23.35325,22.65334,22.02171,21.59493
2007,Surry Hills 33_11kV,12JUL2006,MW,21.61200,20.89502,20.57067,20.21217,19.92197,19.42690,19.22205,18.98306,18.86356,18.45385,18.06122,17.94172,17.99293,17.89051,17.97586,17.94172,18.01000,17.94172,18.01000,18.43678,19.29033,19.81954,20.57067,21.59493,23.25083,24.32631,25.79442,27.26254,29.41349,31.70102,33.39106,34.43239,35.18352,35.81515,36.22486,36.75406,37.19791,36.58335,36.39557,36.97599,37.02720,37.24912,36.87356,37.24912,37.81247,37.28327,37.31741,37.41984,37.77833,37.72711,37.67590,37.71004,37.65883,37.38569,37.23205,37.04427,37.26620,37.43691,37.33448,36.70285,36.49800,36.95892,36.60042,36.15657,36.31021,36.12243,36.12243,36.48093,36.68578,36.65164,36.63457,36.02001,34.46654,34.36411,34.07390,33.25449,33.18620,32.57164,32.65700,31.78637,31.42788,31.24010,30.83039,30.19876,29.84027,29.29400,28.73065,28.01366,27.31375,26.63090,25.91392,25.12865,24.49702,23.23376,22.65334,22.15828
2007,Surry Hills 33_11kV,13JUL2006,MW,21.90221,21.27058,20.89502,20.43410,19.97318,19.49519,19.71711,19.20498,18.91477,18.55628,18.65870,18.52214,18.26607,18.16364,18.33435,18.31728,18.01000,18.36850,18.62456,18.84649,19.61469,20.45117,21.15108,22.39727,24.20681,25.24815,26.86990,28.81600,31.22303,32.65700,35.11524,36.02001,37.33448,37.57348,37.81247,38.39289,38.52946,37.77833,38.34167,38.11975,38.40996,38.40996,38.25632,38.32460,38.22218,38.34167,38.34167,38.59774,38.10268,38.17096,38.06854,37.96611,37.77833,37.79540,37.91490,37.36862,37.35155,37.74419,37.14670,37.09548,36.85649,36.60042,36.48093,36.56628,36.53214,36.70285,36.56628,37.43691,37.53933,37.38569,36.97599,36.34436,35.26888,35.13231,34.48361,34.03976,33.23742,33.06671,32.98135,32.16194,31.71809,31.58152,31.03525,30.55726,29.77199,29.39642,28.73065,28.18437,27.46739,26.95526,25.99927,25.38471,24.22388,23.31911,22.85819,22.12414
2007,Surry Hills 33_11kV,14JUL2006,MW,22.00464,21.27058,20.70724,20.33167,20.19510,19.68297,19.42690,19.00013,18.94891,18.67578,18.60749,18.48799,17.92465,18.02707,18.19778,18.12950,18.14657,18.38557,18.43678,18.82942,19.47812,20.14389,21.09987,22.05585,24.15560,24.61652,26.37484,27.89417,30.59140,31.64981,33.52763,34.63725,36.07122,36.42971,36.90770,37.07841,37.79540,37.40276,37.79540,37.33448,37.47105,38.61481,38.27339,38.23925,38.68310,38.01732,38.06854,37.82954,37.82954,37.79540,37.76126,38.13682,37.86368,37.69297,37.36862,37.14670,37.26620,36.90770,36.60042,36.82235,36.24193,36.19072,36.54921,35.95172,36.19072,36.00293,36.36143,36.34436,36.92477,36.71992,36.36143,35.69565,34.39825,33.59591,33.20328,32.86185,32.53750,32.12780,31.66688,31.27424,30.74504,30.40362,29.53299,29.43056,28.30387,28.06488,27.60396,27.46739,26.44312,25.43593,25.50421,25.14572,24.29216,23.78003,23.25083,22.67041
2007,Surry Hills 33_11kV,15JUL2006,MW,22.27778,21.86807,21.25351,20.63895,20.41703,20.12682,19.71711,19.40983,19.13669,18.93184,18.82942,18.55628,18.52214,18.19778,18.24900,18.31728,18.16364,18.01000,18.19778,18.26607,18.33435,18.59042,18.82942,19.39276,20.05853,20.41703,20.84380,21.09987,21.45836,21.66322,22.85819,23.40447,24.00196,24.37752,24.77016,25.40179,25.64078,26.25534,27.10890,27.09182,27.51860,27.89417,28.32094,28.25266,28.38923,28.52580,28.73065,28.74772,28.83308,28.76479,28.85015,28.52580,28.35509,28.11609,27.72345,27.89417,27.60396,27.96245,27.99659,27.67224,27.94538,27.91124,27.89417,27.96245,27.99659,28.40630,28.67944,29.24278,30.18169,29.51592,30.04512,29.78906,29.65249,29.68663,29.58420,29.31107,28.64529,28.38923,28.04781,27.87709,27.41617,27.04061,26.73333,26.51141,25.84563,25.43593,25.58957,24.82137,24.56530,24.12145,23.81417,23.60932,23.26790,22.87526,22.60213,22.44849
2007,Surry Hills 33_11kV,16JUL2006,MW,21.95343,21.62907,21.08280,20.65602,20.22924,19.85368,19.54640,19.32448,19.06841,18.62456,18.76113,18.52214,18.38557,18.07829,18.06122,17.82222,17.97586,18.06122,17.99293,18.02707,18.19778,18.41971,18.43678,18.86356,19.42690,19.81954,19.93904,19.95611,20.10975,20.17803,20.84380,20.80966,21.57786,21.79979,22.68748,23.08012,23.45568,24.01903,24.30924,24.85551,24.82137,24.71894,24.94087,24.94087,24.87258,25.41886,25.02622,25.64078,25.29936,24.83844,25.23108,24.99208,24.80430,24.05317,23.91660,23.66053,23.59225,23.74589,23.96781,23.96781,23.79710,24.15560,24.12145,24.42873,24.88965,25.57250,25.98220,26.11877,27.26254,28.08195,28.35509,28.49165,28.30387,28.61115,29.08914,28.35509,28.62822,28.78186,28.33801,28.23559,28.04781,27.96245,27.79174,27.51860,27.04061,26.40898,25.72614,25.47007,24.77016,24.27509,23.57518,22.61920,22.08999,21.85100,21.47543,20.96330
2007,Surry Hills 33_11kV,17JUL2006,MW,20.74138,19.95611,19.47812,19.29033,19.30741,19.05134,18.53921,18.41971,18.11243,17.82222,17.73687,17.60030,17.49787,17.49787,17.32716,17.31009,17.37837,17.58323,17.97586,18.04415,19.29033,19.76833,20.28046,21.35594,23.98489,24.97501,26.30655,27.77467,30.24998,31.85466,33.93733,35.95172,36.37850,37.16377,37.77833,37.94904,37.98318,38.00025,38.20511,38.73431,38.47824,38.92209,38.75138,38.93916,38.22218,38.49531,38.56360,38.97330,38.58067,38.70017,38.35875,38.58067,38.73431,38.66603,38.54653,38.61481,38.06854,38.17096,38.11975,37.47105,37.82954,37.36862,37.40276,37.23205,37.65883,37.64176,37.53933,37.96611,37.91490,38.06854,38.08561,37.16377,36.08829,35.71273,34.96160,34.94453,34.89331,34.02269,34.12511,33.54470,32.65700,32.58872,31.75223,31.12060,30.14755,29.77199,29.07207,28.06488,27.21132,26.34070,25.41886,24.58237,23.57518,23.06305,22.80698,22.17535
2007,Surry Hills 33_11kV,18JUL2006,MW,21.47543,20.74138,20.31460,19.93904,19.64883,19.27326,18.89770,18.65870,18.52214,18.24900,18.01000,18.35142,17.82222,17.92465,17.82222,17.89051,17.94172,18.14657,18.53921,18.79527,19.97318,20.14389,20.92916,22.02171,23.52397,25.11158,26.52848,28.42337,31.35960,33.08378,35.18352,35.66151,37.12963,38.42703,38.83674,39.26351,39.38301,39.29766,39.10987,39.00745,39.02452,39.43422,39.00745,39.22937,39.91221,39.89514,39.74150,39.89514,40.01464,39.96343,40.27071,40.25364,39.91221,40.23657,40.23657,40.13414,40.10000,39.91221,39.58786,39.17816,38.97330,38.92209,39.07573,38.51239,38.34167,38.39289,38.83674,38.59774,39.17816,38.95623,38.47824,38.25632,36.56628,36.22486,36.07122,35.95172,35.67858,35.47373,35.26888,34.24461,33.92026,33.51056,32.89600,31.95709,31.41081,30.65968,30.26705,29.34521,28.25266,27.38203,26.73333,25.62371,24.56530,23.83125,23.28497,22.49970
2007,Surry Hills 33_11kV,19JUL2006,MW,22.41434,21.78271,21.13401,20.96330,20.57067,20.12682,19.81954,19.42690,19.40983,19.20498,18.93184,18.76113,18.72699,18.59042,18.40264,18.53921,18.60749,18.79527,19.10255,19.29033,20.33167,20.84380,21.30472,22.82405,24.07024,25.52128,27.65517,29.20864,31.82052,34.15926,35.79808,36.71992,37.82954,38.64895,39.07573,39.40008,39.75858,40.35606,40.18535,40.56092,39.98050,40.11707,39.86100,39.80979,40.91941,40.15121,40.39021,40.04878,40.69749,40.68041,40.45849,40.57799,40.95355,40.30485,40.06585,40.04878,39.99757,40.03171,39.74150,39.72443,39.46837,39.16109,39.22937,39.50251,39.69029,39.80979,40.13414,40.01464,40.06585,39.87807,39.91221,39.02452,38.22218,37.71004,37.50519,36.97599,36.95892,36.29314,35.59323,35.38838,34.85917,34.44947,34.05683,33.10085,32.46922,31.78637,31.39374,30.54018,29.56713,28.52580,27.27961,26.64798,25.52128,24.83844,23.69468,23.01183
2007,Surry Hills 33_11kV,20JUL2006,MW,22.97769,22.05585,21.28765,21.08280,20.77552,20.21217,19.97318,19.68297,19.37569,19.30741,18.81234,18.93184,18.76113,18.64163,18.60749,18.67578,18.79527,18.94891,19.39276,19.61469,20.39996,20.80966,21.71443,23.14840,24.53116,25.84563,27.62103,29.43056,32.21315,33.97147,35.78101,36.73699,38.18803,39.05866,39.10987,39.99757,40.44142,40.21949,40.30485,41.03891,40.20242,40.49263,40.33899,40.56092,40.66334,40.52677,40.20242,40.49263,40.64627,40.23657,40.27071,40.06585,39.91221,40.16828,39.96343,40.23657,39.96343,39.99757,39.63908,39.94636,40.10000,39.74150,40.44142,40.54385,40.37313,40.52677,40.35606,40.32192,40.42435,40.57799,39.96343,38.58067,37.82954,37.40276,36.99306,36.63457,36.15657,35.55909,35.52494,34.72260,34.19340,33.78369,32.86185,32.41801,31.59859,30.84746,30.38655,29.78906,28.83308,28.01366,27.24546,26.52848,25.60664,24.94087,24.10438,23.86539
2007,Surry Hills 33_11kV,21JUL2006,MW,23.11426,22.48263,22.00464,21.66322,21.21937,20.87795,20.63895,20.48531,19.75125,19.81954,19.51226,19.15377,19.17084,19.11962,19.06841,19.05134,19.10255,19.30741,19.54640,19.78540,20.63895,21.18523,22.08999,23.21669,25.35057,26.15291,28.03073,29.48178,32.67407,34.26168,36.34436,37.50519,38.58067,38.10268,39.51958,39.33180,39.84393,40.13414,40.21949,40.40728,39.91221,40.56092,40.79991,41.68761,40.64627,40.95355,40.97062,41.03891,41.32912,41.14133,40.54385,40.79991,40.62920,40.10000,39.96343,39.29766,39.16109,39.19523,38.78552,38.58067,38.30753,38.03439,38.06854,37.71004,37.19791,37.07841,37.64176,37.01013,37.72711,37.98318,37.41984,36.99306,35.54202,35.45666,35.20059,34.53482,33.93733,33.33984,32.94721,32.62286,31.46202,31.15474,30.89868,30.35240,29.58420,29.14036,29.05500,28.30387,27.53567,26.97233,26.39191,25.81149,25.12865,24.80430,24.25802,23.57518
2007,Surry Hills 33_11kV,22JUL2006,MW,23.33618,22.70455,22.26070,21.61200,21.42422,21.04866,20.67309,20.46824,20.19510,19.99025,19.44397,19.32448,19.17084,19.13669,19.11962,18.65870,18.84649,18.88063,18.74406,19.01720,19.30741,19.37569,19.44397,20.04146,20.67309,21.11694,21.15108,21.32179,22.20949,22.89234,23.48982,24.12145,25.06036,25.65785,25.98220,26.51141,27.19425,27.79174,27.99659,28.50872,28.62822,29.02086,29.10621,29.00379,29.31107,29.32814,29.14036,28.62822,28.52580,28.15023,28.57701,28.01366,27.97952,27.97952,27.87709,27.84295,27.75760,27.22839,27.33082,26.88697,26.66505,26.95526,26.92111,26.71626,26.88697,26.98940,27.75760,27.94538,28.69651,29.61835,30.43776,29.92563,29.90855,30.35240,30.31826,30.01098,29.58420,29.02086,28.95257,28.57701,28.01366,27.82588,27.72345,27.63810,26.97233,26.68212,26.23827,25.86271,25.67492,25.38471,25.09451,24.77016,24.34338,23.98489,23.66053,23.21669
2007,Surry Hills 33_11kV,23JUL2006,MW,23.11426,22.10707,22.02171,21.45836,21.47543,21.21937,20.53652,20.21217,20.00732,19.88782,19.47812,19.20498,18.86356,18.94891,18.82942,18.59042,18.72699,18.67578,18.74406,18.72699,18.77820,18.91477,19.10255,19.66590,20.19510,20.05853,20.62188,20.55360,20.57067,20.80966,21.49251,21.69736,22.24363,22.61920,23.33618,23.43861,24.08731,24.66773,24.80430,24.83844,25.04329,25.28229,25.65785,25.72614,25.76028,25.69199,25.84563,25.74321,25.62371,25.81149,25.52128,25.26522,25.00915,24.92380,24.63359,24.68480,24.49702,24.47995,24.65066,24.34338,24.13853,24.68480,24.77016,24.75308,25.47007,25.74321,25.81149,26.54555,27.46739,28.35509,28.73065,28.90136,29.07207,29.24278,29.32814,29.63542,29.48178,29.63542,29.27692,28.85015,28.78186,28.35509,28.16730,28.01366,27.63810,27.53567,27.10890,26.69919,25.81149,25.19693,24.44580,23.57518,23.23376,22.84112,22.32899,21.78271
2007,Surry Hills 33_11kV,24JUL2006,MW,21.27058,20.94623,20.33167,19.85368,19.76833,19.37569,19.37569,19.08548,18.88063,18.50506,18.35142,18.35142,18.12950,18.07829,18.02707,18.14657,18.12950,18.30021,18.50506,18.79527,19.88782,20.45117,21.01452,22.31192,24.34338,25.60664,26.92111,28.79893,31.41081,33.08378,35.42252,36.48093,37.77833,37.88075,38.03439,38.66603,38.73431,39.16109,38.78552,39.19523,39.67322,39.28058,39.79272,40.16828,39.50251,40.18535,40.42435,40.15121,40.69749,40.27071,40.16828,40.42435,39.51958,39.40008,39.21230,39.07573,38.59774,38.93916,38.80259,38.56360,38.76845,38.30753,38.44410,38.22218,38.71724,38.32460,38.56360,38.47824,38.83674,38.87088,38.70017,38.08561,36.89063,36.27607,35.96879,35.96879,35.30302,34.80796,34.63725,33.97147,33.56177,32.96428,32.41801,31.78637,30.48897,30.13048,29.72077,28.74772,27.56981,26.61383,25.96513,24.63359,24.15560,23.72882,22.84112,22.22656
2007,Surry Hills 33_11kV,25JUL2006,MW,21.88514,21.27058,20.79259,20.39996,20.22924,19.88782,19.42690,19.20498,18.96598,18.79527,18.48799,18.38557,18.23193,18.18071,18.02707,18.14657,18.16364,18.33435,18.57335,18.77820,19.70004,20.29753,21.33887,22.46556,24.08731,24.99208,26.88697,28.79893,31.83759,33.11792,34.79089,35.72980,37.16377,37.43691,38.17096,37.98318,38.47824,38.88795,38.80259,39.04159,38.81966,38.95623,38.97330,39.00745,39.09280,39.53665,38.99038,39.57079,39.09280,39.17816,38.66603,39.05866,38.81966,38.90502,38.58067,38.61481,38.35875,38.64895,38.27339,38.29046,37.98318,37.84661,38.17096,37.88075,37.60762,37.77833,37.57348,37.94904,37.64176,38.81966,37.89783,37.72711,36.25900,36.19072,35.61030,35.38838,34.84210,34.48361,34.03976,33.66419,33.11792,32.45215,32.04244,31.68395,30.60847,30.09634,29.68663,28.61115,27.46739,26.76747,25.72614,25.28229,24.29216,23.74589,23.11426,22.48263
2007,Surry Hills 33_11kV,26JUL2006,MW,22.08999,21.08280,20.75845,20.16096,19.78540,19.56347,19.42690,19.10255,19.00013,18.70992,18.57335,18.30021,18.23193,18.01000,18.06122,18.18071,18.40264,18.28314,18.55628,18.91477,19.83661,20.70724,21.40715,22.22656,24.03610,25.40179,26.90404,28.50872,31.15474,32.98135,34.92746,35.59323,36.65164,36.89063,38.37582,38.87088,39.12694,39.40008,39.22937,39.46837,39.29766,39.02452,39.70736,39.65615,39.70736,39.72443,39.60494,39.96343,39.46837,39.62201,39.75858,39.82686,39.94636,40.28778,40.23657,40.20242,39.98050,39.65615,39.34887,39.31473,38.93916,38.54653,39.10987,38.44410,38.58067,38.25632,38.35875,38.20511,38.51239,39.26351,38.51239,37.93197,36.05415,36.02001,35.14938,35.08110,34.91038,34.24461,33.86905,33.54470,33.04964,32.67407,32.19608,31.08646,30.83039,30.06219,29.36228,28.81600,27.34789,26.63090,25.57250,24.95794,24.00196,23.64346,22.94355,22.22656
2007,Surry Hills 33_11kV,27JUL2006,MW,22.03878,21.40715,20.79259,20.45117,20.34874,19.76833,19.40983,19.13669,19.01720,18.81234,18.53921,18.45385,18.50506,18.24900,18.07829,18.02707,18.26607,18.24900,18.55628,18.84649,19.81954,20.43410,21.01452,22.60213,24.27509,25.67492,27.33082,28.30387,31.41081,32.96428,34.56896,35.81515,36.70285,37.64176,37.77833,38.17096,38.71724,38.75138,38.15389,38.51239,38.59774,38.87088,39.41715,39.02452,39.46837,39.05866,39.34887,39.26351,38.75138,38.56360,38.64895,39.04159,38.87088,38.83674,38.61481,38.49531,38.27339,38.30753,37.96611,38.49531,37.89783,38.05147,37.69297,37.38569,37.33448,37.52226,37.43691,37.28327,37.02720,37.41984,37.36862,37.23205,35.47373,34.87624,34.67139,34.43239,33.78369,33.23742,32.89600,32.50336,32.02537,31.56445,30.45483,30.31826,29.44764,29.37935,28.62822,28.11609,26.69919,25.98220,25.58957,24.85551,24.13853,23.52397,22.63627,22.19242
2007,Surry Hills 33_11kV,28JUL2006,MW,21.74857,20.98037,20.62188,20.19510,19.87075,19.76833,19.30741,19.15377,18.62456,18.47092,18.21486,18.30021,17.99293,17.92465,17.99293,18.04415,18.38557,18.38557,18.64163,19.10255,20.28046,20.45117,21.11694,22.17535,24.00196,25.12865,26.59676,28.35509,30.76211,32.50336,34.46654,35.21766,36.39557,36.68578,37.33448,37.60762,36.00293,36.56628,37.69297,38.11975,38.13682,38.40996,38.23925,38.46117,38.27339,38.05147,37.88075,38.42703,38.23925,38.37582,38.11975,37.74419,37.67590,37.76126,37.64176,37.82954,37.94904,37.57348,37.74419,37.16377,37.02720,37.02720,36.90770,36.71992,36.05415,36.19072,36.00293,35.96879,36.05415,36.13950,36.29314,35.47373,33.81783,33.73248,33.06671,32.45215,32.02537,31.29131,30.79625,30.48897,30.14755,29.53299,29.05500,28.45751,27.74053,27.48446,26.75040,25.86271,25.47007,25.17986,24.46288,24.08731,23.52397,22.96062,22.39727,21.98757
2007,Surry Hills 33_11kV,29JUL2006,MW,21.61200,21.30472,21.01452,20.48531,20.21217,19.64883,19.37569,19.13669,18.41971,18.45385,18.31728,18.33435,18.02707,17.95879,17.63444,17.61737,17.49787,17.70272,17.70272,18.01000,18.16364,18.14657,18.62456,19.11962,19.56347,20.07561,20.05853,20.33167,20.80966,21.76564,21.97050,22.70455,23.45568,24.27509,24.12145,25.04329,25.47007,25.47007,25.47007,26.22120,26.37484,26.54555,27.41617,26.68212,27.17718,27.22839,26.86990,27.07475,26.95526,26.64798,26.76747,26.49434,26.90404,26.30655,26.08463,26.06756,25.91392,25.67492,25.41886,25.53835,25.43593,25.21400,25.48714,25.40179,25.16279,25.50421,25.69199,26.13584,26.40898,27.72345,28.13316,28.08195,27.84295,27.94538,27.41617,27.56981,27.48446,27.10890,26.64798,26.51141,26.22120,25.91392,25.58957,25.41886,24.82137,24.71894,24.30924,24.08731,23.78003,23.38740,22.90941,22.78991,22.38020,22.26070,21.59493,21.71443
2007,Surry Hills 33_11kV,30JUL2006,MW,21.28765,20.70724,20.62188,19.99025,19.90489,19.25619,18.98306,18.76113,18.55628,18.16364,17.94172,17.80515,17.68565,17.58323,17.54908,17.61737,17.25887,17.42959,17.53201,17.65151,17.63444,17.87343,17.90758,18.28314,18.64163,18.93184,19.08548,18.74406,19.15377,19.70004,19.92197,20.31460,21.21937,21.76564,21.95343,22.39727,22.61920,23.14840,23.59225,23.83125,24.08731,24.54823,24.56530,24.88965,25.33350,24.71894,24.82137,24.77016,24.65066,24.66773,24.49702,24.20681,24.00196,23.83125,23.96781,23.98489,24.08731,23.55811,23.28497,23.25083,22.97769,23.37033,23.16547,23.35325,23.57518,23.59225,24.00196,24.32631,25.28229,26.73333,27.48446,27.60396,27.87709,27.96245,28.28680,27.91124,27.99659,27.70638,27.67224,27.38203,27.29668,27.24546,27.07475,26.90404,26.64798,26.11877,25.60664,25.26522,24.54823,24.12145,23.09719,22.80698,22.49970,21.97050,21.50958,20.91209
2007,Surry Hills 33_11kV,31JUL2006,MW,20.75845,19.92197,19.61469,19.22205,18.91477,18.47092,18.12950,18.24900,17.83929,17.73687,17.58323,17.49787,17.36130,17.48080,17.22473,17.53201,17.56615,17.48080,17.73687,18.30021,19.63176,19.85368,20.69016,22.14121,23.95074,25.23108,26.34070,27.87709,30.04512,32.43508,34.32997,35.88344,36.41264,36.32729,37.33448,37.77833,38.25632,38.47824,37.94904,38.49531,38.93916,38.59774,39.24644,39.04159,38.99038,39.41715,38.81966,39.02452,38.66603,38.92209,38.58067,38.93916,38.85381,39.05866,39.00745,39.02452,38.61481,38.49531,38.39289,38.11975,37.57348,38.34167,38.01732,37.60762,37.57348,37.38569,37.31741,37.11256,37.41984,37.82954,37.88075,37.48812,35.81515,35.43959,35.32009,35.61030,34.77382,34.51775,34.14219,33.63005,32.67407,32.38386,32.11073,31.13767,30.48897,29.95977,29.05500,28.54287,27.55274,26.69919,25.94806,25.16279,24.17267,23.76296,22.44849,21.74857
2007,Surry Hills 33_11kV,01AUG2006,MW,21.50958,20.94623,20.24632,20.16096,19.95611,19.37569,19.13669,18.89770,18.76113,18.43678,18.38557,18.31728,18.16364,18.06122,17.97586,18.24900,18.26607,18.31728,18.50506,18.89770,19.61469,20.26339,20.99744,22.27778,23.96781,25.07744,26.63090,28.67944,31.29131,33.18620,35.14938,36.10536,37.41984,37.38569,38.05147,38.75138,39.57079,39.34887,39.26351,39.19523,39.70736,39.63908,39.50251,39.60494,39.17816,39.80979,39.26351,39.51958,39.40008,39.63908,38.90502,38.90502,38.97330,38.97330,38.68310,39.07573,38.20511,38.76845,38.42703,38.23925,38.01732,38.00025,37.82954,38.01732,37.86368,37.89783,37.76126,37.23205,37.50519,37.72711,37.59055,37.35155,36.03708,36.02001,35.50787,35.50787,34.99574,34.50068,33.95440,33.32277,32.69114,32.28144,32.21315,31.24010,30.47190,29.95977,29.31107,28.61115,27.60396,26.30655,25.87978,25.11158,24.15560,23.45568,22.46556,21.76564
2007,Surry Hills 33_11kV,02AUG2006,MW,21.42422,20.87795,20.48531,20.24632,19.87075,19.61469,19.37569,19.10255,18.70992,18.67578,18.41971,18.41971,18.35142,18.16364,18.14657,18.21486,18.33435,18.52214,18.53921,18.98306,20.10975,20.67309,21.06573,22.41434,24.58237,25.77735,26.93818,28.88429,31.37667,33.10085,35.16645,36.00293,37.77833,38.25632,38.71724,39.19523,40.04878,39.46837,39.65615,39.45130,39.86100,40.04878,40.04878,39.86100,39.69029,39.72443,39.80979,39.87807,39.80979,39.82686,39.69029,39.40008,39.80979,39.74150,39.22937,39.12694,38.99038,38.97330,38.63188,38.75138,38.40996,38.08561,38.22218,38.13682,37.84661,37.94904,38.30753,38.29046,38.61481,39.16109,38.47824,38.10268,36.73699,36.82235,36.31021,35.67858,35.14938,35.08110,34.60311,33.98855,33.71541,33.04964,32.69114,32.23022,31.18889,30.69382,30.06219,28.98672,28.26973,27.02354,25.98220,25.26522,24.46288,23.78003,23.19962,22.36313
2007,Surry Hills 33_11kV,03AUG2006,MW,21.81686,21.35594,20.82673,20.45117,20.04146,19.83661,19.46105,19.18791,19.20498,19.10255,18.72699,18.53921,18.43678,18.53921,18.47092,18.77820,18.65870,18.70992,18.98306,19.46105,20.46824,20.89502,21.32179,22.72162,24.63359,25.96513,26.98940,29.41349,32.41801,33.66419,35.43959,36.60042,37.86368,38.03439,38.58067,38.97330,39.31473,39.50251,39.75858,39.31473,39.40008,39.19523,39.82686,39.77565,39.53665,39.53665,39.43422,39.60494,39.63908,39.55372,39.04159,39.24644,39.14402,39.22937,39.10987,38.30753,38.66603,38.49531,38.46117,37.98318,37.65883,37.48812,37.53933,37.11256,37.62469,37.09548,37.11256,37.30034,37.23205,37.89783,37.94904,37.18084,35.43959,35.45666,35.06402,34.82503,34.24461,33.85198,33.39106,32.94721,32.45215,32.09365,31.32546,30.84746,30.13048,29.49885,29.17450,28.21852,26.97233,26.66505,25.55543,25.16279,24.37752,23.72882,23.02890,22.15828
2007,Surry Hills 33_11kV,04AUG2006,MW,21.83393,21.25351,20.92916,20.62188,20.24632,19.92197,19.68297,19.37569,19.20498,18.94891,18.89770,18.62456,18.45385,18.35142,18.18071,18.26607,18.30021,18.57335,18.43678,19.23912,19.90489,20.41703,21.23644,22.20949,24.12145,25.24815,26.49434,28.25266,31.39374,33.22035,35.13231,35.91758,37.60762,38.03439,38.88795,39.70736,39.94636,39.94636,40.73163,40.40728,40.91941,40.69749,40.74870,40.50970,40.61213,40.57799,40.85112,40.62920,40.23657,40.61213,41.10719,40.85112,40.95355,40.68041,41.00476,40.79991,41.20962,40.97062,41.29497,40.57799,40.79991,40.33899,40.28778,40.01464,39.92929,39.91221,39.89514,39.96343,39.24644,39.28058,38.93916,37.94904,36.56628,36.29314,35.72980,34.96160,34.58603,34.14219,33.73248,33.66419,32.75943,31.95709,31.46202,31.12060,29.82320,29.41349,28.98672,28.40630,27.74053,27.00647,26.69919,25.99927,25.36764,25.02622,24.24095,23.47275
2007,Surry Hills 33_11kV,05AUG2006,MW,22.94355,22.10707,21.56079,21.44129,21.13401,20.48531,20.14389,20.04146,19.78540,19.37569,19.23912,19.08548,18.88063,18.76113,18.82942,18.35142,18.57335,18.47092,18.82942,18.96598,18.65870,19.00013,19.20498,19.64883,20.14389,20.58774,20.60481,21.27058,21.86807,22.17535,22.94355,23.76296,24.29216,25.17986,25.79442,26.23827,26.49434,27.27961,27.09182,27.60396,27.82588,28.35509,28.40630,28.20145,28.38923,28.59408,28.85015,28.64529,28.04781,28.62822,28.67944,28.62822,28.55994,28.45751,28.49165,27.99659,28.06488,27.77467,27.53567,27.38203,27.22839,27.38203,27.04061,26.59676,26.86990,26.86990,26.61383,27.26254,27.87709,28.67944,29.70370,29.55006,29.65249,29.85734,29.65249,29.48178,28.93550,28.91843,28.40630,27.82588,27.48446,27.36496,27.05768,26.80162,26.75040,26.30655,26.05049,25.43593,24.83844,24.66773,24.18974,23.89953,23.59225,23.33618,22.90941,22.72162
2007,Surry Hills 33_11kV,06AUG2006,MW,22.31192,21.74857,21.47543,20.96330,20.70724,20.28046,19.95611,19.59761,19.39276,19.17084,18.81234,18.91477,18.60749,18.45385,18.06122,18.01000,18.24900,17.87343,17.95879,18.09536,18.28314,18.23193,18.35142,18.84649,18.93184,19.27326,19.44397,19.47812,19.97318,19.99025,20.65602,21.04866,21.78271,22.19242,22.78991,23.47275,23.95074,24.46288,24.94087,25.58957,25.89685,25.77735,25.89685,26.05049,25.87978,25.77735,25.65785,25.79442,25.82856,25.89685,25.58957,25.52128,25.53835,25.00915,25.14572,24.71894,25.16279,25.14572,24.49702,24.75308,24.49702,24.37752,24.36045,24.77016,25.04329,25.50421,26.08463,26.20413,26.90404,27.96245,28.81600,29.32814,29.51592,29.87441,29.65249,29.85734,29.58420,29.34521,28.83308,28.78186,28.44044,28.16730,27.63810,27.79174,27.21132,26.86990,26.20413,25.96513,25.17986,24.77016,24.30924,23.66053,22.97769,22.39727,22.05585,21.62907
2007,Surry Hills 33_11kV,07AUG2006,MW,20.96330,20.60481,19.90489,20.07561,19.47812,19.13669,18.93184,18.53921,18.74406,18.41971,18.23193,18.16364,18.04415,17.87343,17.95879,17.95879,18.02707,18.12950,18.14657,18.52214,19.66590,20.12682,20.69016,21.76564,23.83125,25.45300,26.59676,28.01366,30.79625,32.40093,33.85198,35.95172,36.66871,37.48812,38.03439,38.35875,38.99038,39.87807,39.65615,39.69029,39.43422,39.89514,39.79272,39.72443,39.96343,39.82686,39.89514,39.53665,39.62201,39.31473,39.74150,39.29766,38.88795,38.97330,39.05866,39.29766,39.51958,39.09280,38.73431,38.61481,38.58067,38.59774,38.51239,38.10268,38.37582,38.11975,38.22218,37.55640,38.11975,38.70017,38.70017,37.91490,36.66871,36.77113,36.41264,36.17365,35.38838,34.80796,34.58603,34.05683,33.20328,32.96428,32.60579,32.05951,30.74504,30.13048,29.51592,28.37216,27.63810,26.52848,26.37484,25.12865,24.53116,23.52397,22.75577,22.31192
2007,Surry Hills 33_11kV,08AUG2006,MW,21.74857,20.98037,20.55360,20.09268,20.10975,19.97318,19.42690,19.29033,19.00013,18.64163,18.55628,18.24900,18.24900,18.14657,18.31728,18.23193,18.35142,18.41971,18.79527,19.10255,19.97318,20.89502,21.32179,22.56798,24.42873,25.70907,27.10890,29.03793,31.87173,33.23742,35.20059,36.44678,37.64176,38.25632,38.75138,39.14402,39.57079,39.33180,39.29766,39.96343,40.04878,39.62201,39.46837,39.63908,39.57079,39.92929,39.86100,39.26351,39.19523,39.65615,39.40008,38.95623,39.28058,39.07573,38.90502,38.73431,38.93916,38.54653,38.70017,38.49531,38.58067,38.54653,37.94904,37.35155,37.55640,37.91490,37.79540,38.03439,37.69297,38.11975,37.91490,37.57348,36.31021,36.65164,35.91758,35.90051,34.91038,34.32997,34.63725,33.83491,33.49348,32.91307,32.82771,31.82052,31.00110,30.26705,29.60127,28.76479,27.58689,26.81869,25.89685,25.41886,24.36045,23.69468,22.89234,22.08999
2007,Surry Hills 33_11kV,09AUG2006,MW,21.69736,20.91209,20.55360,20.14389,20.12682,19.59761,19.29033,19.18791,18.94891,18.77820,18.65870,18.18071,18.24900,18.06122,18.07829,18.41971,18.40264,18.45385,18.69285,19.27326,20.17803,20.53652,21.28765,22.58506,24.30924,25.86271,27.14304,29.02086,31.76930,33.45934,35.33716,36.63457,37.64176,38.40996,39.26351,39.46837,40.27071,39.55372,39.67322,39.79272,39.65615,39.45130,39.65615,39.82686,39.96343,40.40728,40.30485,40.33899,40.44142,40.47556,40.23657,40.44142,40.16828,40.13414,40.25364,39.60494,39.58786,39.33180,39.05866,38.63188,38.34167,38.18803,38.46117,38.20511,37.77833,37.77833,37.98318,37.24912,37.33448,37.72711,37.71004,37.91490,36.37850,36.07122,36.05415,35.62737,35.26888,34.79089,34.46654,34.07390,33.25449,33.03256,32.67407,31.94001,31.18889,30.19876,29.68663,28.88429,28.03073,27.21132,26.22120,25.67492,24.29216,24.01903,23.01183,22.38020
2007,Surry Hills 33_11kV,10AUG2006,MW,22.15828,21.45836,20.84380,20.51945,20.29753,19.85368,19.80247,19.40983,19.20498,18.88063,18.76113,18.48799,18.31728,18.35142,18.55628,18.33435,18.35142,18.31728,18.48799,19.06841,20.05853,20.57067,21.42422,22.60213,24.22388,25.70907,26.80162,28.57701,31.99123,33.18620,35.09817,36.05415,37.02720,37.88075,38.61481,39.00745,39.36594,39.02452,39.16109,39.14402,39.31473,39.34887,39.82686,39.36594,39.60494,39.74150,39.40008,39.67322,39.24644,38.95623,39.28058,39.17816,38.85381,39.05866,39.00745,38.76845,38.99038,38.63188,38.52946,38.17096,38.30753,38.56360,37.93197,37.86368,37.82954,37.72711,37.77833,37.52226,36.87356,37.72711,38.13682,37.59055,36.19072,35.93465,35.50787,35.50787,35.09817,34.58603,33.92026,33.47641,32.99842,32.38386,31.83759,31.42788,30.62554,29.95977,29.87441,29.07207,28.15023,27.19425,26.16999,25.35057,24.85551,24.00196,23.79710,22.87526
2007,Surry Hills 33_11kV,11AUG2006,MW,22.39727,21.68029,21.16816,20.77552,20.31460,19.93904,19.63176,19.35862,19.51226,19.20498,18.82942,18.86356,18.74406,18.55628,18.41971,18.67578,18.53921,18.82942,18.98306,19.35862,20.33167,20.87795,21.52665,23.13133,24.61652,25.60664,26.88697,29.22571,31.80345,33.39106,35.42252,36.54921,37.40276,37.81247,38.05147,38.52946,39.10987,39.00745,38.73431,39.28058,39.10987,39.22937,39.33180,39.46837,39.26351,38.95623,39.12694,39.33180,38.95623,38.58067,38.70017,38.61481,38.75138,38.47824,38.15389,37.93197,38.52946,38.20511,38.10268,37.26620,37.45398,36.73699,37.28327,36.94184,36.54921,36.82235,36.58335,36.03708,36.00293,36.61749,36.51507,36.10536,34.53482,34.19340,34.21047,33.97147,33.28863,32.53750,32.24729,31.70102,31.44495,30.57433,30.18169,29.72077,29.03793,28.40630,27.87709,27.33082,26.32363,25.87978,25.28229,25.29936,24.29216,24.07024,23.28497,23.09719
2007,Surry Hills 33_11kV,12AUG2006,MW,22.80698,22.00464,21.69736,21.35594,20.89502,20.46824,20.00732,19.61469,19.66590,19.30741,19.08548,18.89770,18.82942,18.82942,18.77820,18.64163,18.57335,18.36850,18.60749,18.84649,18.94891,19.11962,19.32448,19.85368,20.36581,20.48531,20.87795,20.92916,21.66322,22.39727,23.01183,23.89953,24.63359,25.14572,25.60664,26.13584,26.46019,26.73333,27.38203,27.12597,27.50153,27.45032,27.43325,27.27961,27.51860,27.36496,27.33082,27.75760,27.10890,26.86990,26.90404,26.95526,26.68212,26.56262,26.75040,26.20413,25.77735,25.62371,25.65785,25.76028,25.74321,25.58957,25.40179,25.81149,25.74321,25.87978,26.23827,26.30655,26.63090,27.56981,28.69651,28.79893,28.96964,29.10621,28.52580,28.38923,28.15023,28.35509,27.96245,27.46739,27.19425,27.17718,26.76747,26.51141,25.96513,25.43593,25.62371,25.04329,24.59944,24.15560,23.88246,23.57518,23.04598,22.84112,22.38020,22.10707
2007,Surry Hills 33_11kV,13AUG2006,MW,21.91928,21.35594,20.98037,20.80966,20.41703,19.75125,19.44397,19.13669,18.82942,18.89770,18.38557,18.33435,18.43678,18.24900,18.01000,18.09536,18.02707,18.14657,17.97586,18.19778,18.30021,18.30021,18.62456,19.05134,19.42690,19.46105,19.49519,19.87075,20.33167,20.48531,21.18523,21.33887,22.20949,22.75577,22.94355,22.96062,23.62639,23.67761,23.79710,24.47995,24.20681,24.94087,24.87258,24.71894,24.94087,25.06036,24.92380,24.83844,24.90672,24.65066,24.32631,24.20681,24.54823,23.88246,24.22388,24.10438,23.86539,23.54104,23.57518,23.84832,23.59225,23.69468,23.57518,23.89953,23.96781,23.98489,24.80430,24.73601,25.47007,26.56262,27.68931,28.37216,28.73065,28.71358,28.90136,28.69651,28.49165,28.32094,28.23559,27.74053,27.58689,27.68931,27.29668,26.75040,26.27241,26.03342,25.72614,25.52128,24.61652,24.01903,23.30204,22.58506,22.12414,21.73150,21.23644,20.82673
2007,Surry Hills 33_11kV,14AUG2006,MW,20.62188,20.00732,19.47812,19.39276,19.03427,18.69285,18.60749,18.35142,18.18071,18.12950,17.68565,17.60030,17.42959,17.60030,17.56615,17.53201,17.58323,17.77101,18.11243,18.60749,19.51226,19.97318,20.50238,21.97050,23.71175,24.92380,26.23827,28.01366,30.42069,32.05951,34.09097,34.97867,36.77113,37.16377,37.55640,37.94904,38.70017,38.42703,38.71724,38.52946,38.59774,38.92209,39.00745,39.24644,39.07573,39.43422,38.63188,38.92209,39.12694,38.59774,39.19523,38.88795,39.09280,38.70017,38.80259,38.42703,38.52946,38.52946,38.34167,37.45398,37.71004,37.36862,37.35155,37.24912,36.58335,36.85649,36.41264,36.49800,36.20779,36.19072,36.51507,36.34436,35.50787,35.35423,34.91038,34.80796,34.14219,33.30570,33.39106,32.91307,32.24729,32.05951,31.34253,30.35240,29.55006,29.17450,28.42337,27.68931,26.27241,25.72614,25.12865,24.24095,23.28497,22.68748,22.20949,21.25351
2007,Surry Hills 33_11kV,15AUG2006,MW,21.04866,20.29753,19.97318,19.46105,19.52933,18.96598,18.89770,18.40264,18.41971,18.19778,18.21486,18.01000,17.75394,17.95879,17.95879,18.16364,17.94172,18.18071,18.26607,18.93184,19.51226,20.14389,20.98037,22.19242,23.79710,24.61652,26.39191,28.03073,30.88161,32.23022,34.31290,34.82503,36.10536,36.71992,37.11256,37.50519,37.52226,38.03439,38.06854,37.94904,38.18803,38.37582,38.58067,38.56360,38.56360,38.76845,38.51239,38.51239,39.29766,38.64895,38.83674,38.34167,38.39289,38.49531,38.44410,38.56360,37.96611,38.01732,38.01732,37.36862,37.60762,37.23205,37.79540,37.94904,38.40996,38.51239,38.75138,37.76126,37.59055,37.31741,37.48812,36.95892,36.19072,35.52494,35.47373,35.26888,34.67139,34.50068,33.68127,33.63005,33.28863,32.84478,31.71809,31.03525,30.48897,30.16462,29.24278,28.28680,27.02354,26.42605,25.38471,24.75308,24.17267,23.40447,22.55091,22.24363
2007,Surry Hills 33_11kV,16AUG2006,MW,21.57786,21.20230,20.63895,20.33167,19.90489,19.66590,19.42690,19.20498,18.79527,18.69285,18.31728,18.16364,18.35142,18.16364,18.45385,18.47092,18.28314,18.69285,18.59042,19.08548,19.71711,20.46824,21.15108,22.17535,23.83125,25.14572,26.42605,28.16730,31.39374,32.12780,34.70553,35.42252,36.58335,37.21498,37.52226,37.55640,38.06854,38.29046,38.13682,37.89783,37.76126,37.88075,38.20511,38.71724,38.99038,38.46117,38.27339,38.76845,38.83674,38.73431,38.99038,38.87088,38.35875,38.64895,38.44410,38.06854,38.22218,37.74419,37.96611,37.67590,37.67590,37.43691,37.47105,37.14670,37.40276,37.57348,36.99306,36.90770,36.68578,36.73699,37.04427,36.36143,35.14938,35.11524,34.43239,34.32997,33.49348,32.94721,32.84478,32.40093,31.58152,31.47910,30.67675,30.38655,29.41349,29.08914,28.61115,27.84295,26.59676,25.58957,24.59944,24.07024,23.38740,22.56798,22.12414,21.44129
2007,Surry Hills 33_11kV,17AUG2006,MW,21.20230,20.36581,20.16096,19.87075,19.54640,19.11962,18.86356,18.43678,18.23193,18.04415,18.11243,17.97586,17.90758,17.71979,17.70272,17.92465,17.89051,17.73687,18.06122,18.33435,19.06841,19.81954,20.65602,21.66322,23.37033,24.30924,25.52128,27.39910,30.21583,31.47910,33.23742,34.15926,35.32009,36.07122,36.36143,36.02001,36.95892,37.06134,37.16377,37.48812,37.35155,37.40276,37.81247,37.82954,37.50519,37.64176,37.55640,38.00025,38.05147,37.96611,38.13682,38.22218,38.13682,38.30753,38.03439,38.54653,38.30753,38.15389,37.91490,38.66603,38.81966,38.17096,38.01732,37.94904,37.21498,37.33448,37.43691,36.75406,36.08829,36.32729,36.46385,35.67858,34.60311,33.76662,33.01549,32.82771,32.23022,31.85466,31.47910,30.65968,30.21583,29.51592,29.17450,28.64529,28.13316,27.19425,27.04061,26.47726,25.09451,24.29216,23.48982,22.89234,22.51677,21.88514,21.40715,20.94623
2007,Surry Hills 33_11kV,18AUG2006,MW,20.74138,20.26339,19.75125,19.39276,19.00013,18.79527,18.41971,18.38557,17.71979,18.11243,17.75394,17.49787,17.25887,17.07109,17.39544,17.63444,17.51494,17.54908,17.49787,18.19778,18.88063,19.42690,20.21217,21.28765,22.96062,23.96781,24.95794,26.37484,29.14036,30.57433,32.24729,33.63005,34.73967,35.33716,36.05415,36.49800,36.60042,36.61749,36.92477,37.14670,37.16377,37.07841,37.31741,37.59055,37.60762,37.55640,37.77833,37.84661,38.13682,37.86368,37.55640,38.03439,38.08561,37.50519,37.57348,37.38569,38.03439,37.59055,37.21498,37.43691,37.43691,36.94184,37.01013,36.48093,36.08829,35.61030,35.42252,34.91038,34.48361,34.39825,34.63725,34.05683,32.53750,31.97416,31.34253,30.83039,30.76211,29.72077,29.53299,28.85015,28.73065,28.30387,27.62103,27.07475,26.66505,26.34070,25.72614,24.90672,24.05317,23.59225,23.25083,22.78991,22.51677,22.10707,21.68029,21.06573
2007,Surry Hills 33_11kV,19AUG2006,MW,20.89502,20.50238,19.93904,19.99025,19.64883,18.98306,19.06841,18.72699,18.26607,18.07829,17.95879,17.56615,17.58323,17.42959,17.39544,17.37837,17.20766,17.25887,17.37837,17.41251,17.75394,17.70272,17.94172,18.62456,18.98306,19.27326,19.29033,19.93904,20.75845,21.13401,21.81686,22.68748,23.64346,23.74589,24.13853,24.82137,25.40179,25.86271,26.15291,26.30655,26.57969,26.64798,26.88697,26.59676,27.00647,27.00647,26.69919,26.68212,26.52848,26.37484,26.44312,26.15291,26.15291,26.10170,25.93099,25.57250,25.43593,25.19693,25.04329,25.14572,24.80430,25.04329,24.78723,24.85551,24.97501,24.88965,24.68480,25.14572,25.07744,25.99927,27.16011,27.31375,27.05768,27.50153,27.50153,27.34789,26.75040,26.59676,26.25534,25.87978,25.45300,25.17986,24.92380,24.80430,24.07024,23.91660,23.66053,23.50689,22.89234,22.82405,22.67041,22.02171,21.81686,21.61200,21.28765,21.11694
2007,Surry Hills 33_11kV,20AUG2006,MW,20.69016,20.12682,19.75125,19.71711,19.35862,19.03427,18.70992,18.40264,18.28314,17.99293,17.73687,17.70272,17.61737,17.36130,17.39544,17.32716,17.22473,17.13938,17.37837,17.41251,17.54908,17.71979,17.68565,18.28314,18.48799,18.59042,18.50506,18.70992,18.82942,19.54640,20.04146,20.45117,21.37301,21.30472,21.52665,22.39727,22.49970,23.06305,23.38740,23.66053,23.91660,24.07024,24.25802,24.27509,24.36045,24.25802,24.41166,24.18974,24.00196,24.01903,23.84832,24.00196,23.64346,23.66053,23.42154,23.19962,23.21669,23.14840,23.08012,23.04598,22.99476,22.97769,22.84112,22.94355,23.06305,22.89234,23.37033,23.71175,24.25802,24.97501,26.20413,26.59676,27.07475,27.41617,27.07475,27.50153,27.33082,27.33082,27.12597,27.17718,26.69919,26.57969,26.32363,25.86271,25.76028,24.59944,24.34338,23.91660,23.69468,22.78991,22.48263,21.85100,21.79979,21.13401,20.74138,20.26339
2007,Surry Hills 33_11kV,21AUG2006,MW,19.95611,19.34155,19.10255,18.64163,18.57335,18.11243,17.85636,17.83929,17.70272,17.56615,17.36130,17.22473,17.01988,16.96867,17.01988,16.84917,17.07109,17.29302,17.41251,17.70272,18.69285,19.46105,19.76833,21.13401,22.96062,24.01903,25.28229,27.33082,29.60127,30.89868,33.35692,34.27875,35.26888,35.88344,36.42971,37.11256,36.87356,37.06134,37.21498,37.21498,37.64176,37.67590,37.69297,38.06854,38.25632,38.66603,38.22218,38.40996,38.20511,37.86368,37.64176,37.94904,37.88075,37.98318,38.29046,38.34167,37.79540,37.74419,37.89783,37.55640,37.07841,36.99306,36.90770,36.61749,36.12243,36.41264,36.34436,35.90051,35.38838,35.93465,35.91758,35.69565,34.50068,34.26168,33.78369,33.81783,32.89600,32.81064,32.74236,31.92294,31.25717,30.94989,30.01098,29.36228,28.66236,27.50153,27.46739,26.75040,25.76028,24.83844,24.15560,23.38740,22.80698,22.05585,21.54372,20.87795
2007,Surry Hills 33_11kV,22AUG2006,MW,20.33167,20.04146,19.46105,19.05134,18.74406,18.50506,18.45385,18.06122,17.87343,17.97586,17.42959,17.61737,17.10523,17.17352,17.37837,17.13938,17.42959,17.53201,17.60030,18.18071,18.96598,19.51226,20.02439,21.30472,22.77284,23.89953,25.28229,26.88697,29.77199,31.41081,33.42520,33.74955,35.37130,36.44678,36.80528,37.23205,37.21498,37.48812,37.47105,37.62469,37.36862,37.82954,37.84661,38.56360,38.30753,38.37582,38.17096,38.29046,38.37582,38.06854,38.22218,38.32460,38.39289,38.13682,38.64895,38.01732,38.40996,38.58067,38.40996,38.23925,38.27339,37.94904,37.48812,37.30034,37.36862,37.09548,36.85649,36.27607,35.93465,36.20779,35.57616,35.42252,34.77382,34.26168,33.76662,33.37399,32.55457,32.00830,31.80345,31.10353,30.81332,30.09634,29.60127,28.71358,28.33801,27.92831,27.24546,26.35777,25.06036,24.37752,23.76296,23.01183,22.49970,21.83393,21.15108,20.82673
2007,Surry Hills 33_11kV,23AUG2006,MW,20.21217,19.51226,19.18791,19.08548,18.81234,18.50506,18.04415,17.95879,17.77101,17.66858,17.53201,17.29302,17.08816,17.00281,16.90038,17.15645,17.27595,17.44666,17.66858,17.78808,18.81234,19.59761,20.09268,21.04866,22.48263,23.86539,25.28229,27.02354,29.65249,31.22303,32.89600,34.00562,35.01281,36.34436,36.39557,37.14670,36.80528,37.65883,37.07841,37.89783,37.53933,37.88075,37.82954,38.27339,38.29046,38.05147,37.67590,38.32460,38.00025,37.82954,37.89783,37.77833,38.27339,38.34167,38.27339,38.11975,38.23925,38.34167,38.44410,38.30753,38.27339,38.29046,37.91490,37.69297,37.79540,37.21498,37.04427,36.39557,35.93465,35.43959,35.98586,35.45666,34.68846,34.14219,33.73248,33.22035,32.87892,32.12780,31.82052,31.27424,30.64261,29.73784,29.70370,28.49165,27.91124,27.12597,26.71626,26.20413,25.21400,24.59944,23.88246,23.13133,22.67041,21.95343,21.27058,20.39996
2007,Surry Hills 33_11kV,24AUG2006,MW,20.36581,19.87075,19.32448,19.23912,19.01720,18.59042,18.28314,18.18071,17.87343,17.78808,17.58323,17.42959,17.32716,17.41251,17.19059,17.17352,17.32716,17.58323,17.83929,18.19778,18.69285,19.11962,20.22924,21.27058,22.92648,24.25802,25.12865,26.80162,29.56713,30.84746,32.99842,34.72260,34.99574,35.98586,36.46385,37.26620,37.71004,37.69297,37.12963,37.31741,37.69297,37.33448,38.03439,38.46117,37.91490,38.29046,38.03439,38.13682,38.59774,38.27339,38.49531,38.46117,38.34167,38.17096,38.58067,37.79540,37.79540,37.76126,37.64176,37.26620,37.41984,37.16377,37.06134,36.90770,37.06134,37.28327,37.16377,37.07841,37.23205,36.71992,36.48093,35.61030,34.63725,34.24461,33.66419,33.20328,32.57164,31.68395,31.64981,31.13767,30.38655,29.73784,29.25985,28.64529,28.03073,27.31375,26.90404,26.10170,24.99208,24.20681,23.59225,23.04598,22.26070,21.71443,21.09987,20.72431
2007,Surry Hills 33_11kV,25AUG2006,MW,20.55360,19.88782,19.59761,19.06841,18.88063,18.52214,18.35142,18.24900,17.78808,17.95879,17.75394,17.49787,17.41251,17.05402,17.17352,17.25887,17.34423,17.32716,17.44666,17.73687,18.86356,19.13669,20.19510,21.18523,22.78991,23.69468,24.80430,26.61383,29.14036,31.03525,32.38386,33.54470,35.04695,35.06402,35.81515,36.42971,36.82235,36.54921,36.89063,37.09548,36.89063,37.26620,37.18084,37.23205,37.33448,36.92477,36.95892,37.12963,37.18084,37.53933,37.09548,37.45398,37.38569,37.45398,37.38569,37.31741,36.95892,36.63457,36.75406,36.70285,36.25900,36.07122,36.07122,35.93465,35.45666,35.42252,34.94453,35.42252,35.28595,35.16645,35.09817,34.62018,33.18620,33.10085,32.24729,31.88880,31.22303,30.54018,30.28412,29.32814,28.90136,28.57701,28.11609,27.36496,26.61383,26.39191,25.62371,24.80430,24.27509,23.78003,23.55811,23.28497,22.72162,22.24363,21.81686,21.45836
2007,Surry Hills 33_11kV,26AUG2006,MW,21.15108,20.53652,20.28046,19.88782,19.35862,19.08548,18.79527,18.77820,18.62456,18.06122,18.01000,17.94172,17.82222,17.46373,17.51494,17.44666,17.46373,17.53201,17.42959,17.54908,17.78808,17.65151,17.83929,18.45385,19.06841,18.89770,19.49519,19.64883,20.60481,20.79259,21.74857,22.22656,23.08012,23.54104,24.05317,24.32631,24.94087,24.99208,25.48714,25.77735,26.11877,26.42605,26.57969,26.64798,26.66505,26.57969,26.75040,26.27241,26.40898,26.16999,26.27241,25.74321,26.10170,25.74321,25.72614,25.64078,25.33350,25.17986,24.94087,25.19693,25.19693,24.88965,25.28229,24.80430,25.00915,25.04329,25.16279,25.04329,25.23108,25.82856,26.64798,27.05768,27.07475,27.10890,27.09182,26.59676,26.34070,26.46019,26.11877,25.58957,25.28229,25.06036,24.53116,24.44580,24.03610,23.83125,23.57518,23.19962,22.87526,22.44849,22.12414,22.02171,21.81686,21.44129,21.16816,20.74138
2007,Surry Hills 33_11kV,27AUG2006,MW,20.60481,19.80247,19.75125,19.44397,19.25619,18.88063,18.45385,18.07829,17.97586,18.01000,17.68565,17.48080,17.46373,17.27595,17.17352,17.08816,17.12231,17.22473,17.13938,17.19059,17.42959,17.29302,17.37837,18.11243,18.18071,18.12950,18.33435,18.38557,19.03427,19.22205,19.52933,20.04146,20.51945,21.23644,21.47543,22.14121,22.41434,22.65334,23.01183,23.35325,23.35325,23.60932,23.88246,23.89953,23.98489,23.83125,24.03610,23.93367,23.66053,23.88246,23.67761,23.57518,23.02890,23.31911,23.37033,22.97769,22.90941,22.68748,22.70455,22.56798,22.67041,22.70455,22.90941,23.11426,23.01183,23.23376,23.48982,23.74589,24.13853,24.88965,25.98220,26.69919,26.69919,26.66505,27.07475,26.92111,26.64798,26.44312,26.05049,25.82856,25.57250,25.19693,24.87258,24.85551,24.17267,24.01903,23.84832,23.30204,22.89234,22.44849,21.81686,21.49251,21.06573,20.45117,20.19510,19.56347
2007,Surry Hills 33_11kV,28AUG2006,MW,19.40983,19.08548,18.50506,18.43678,18.18071,17.75394,17.44666,17.34423,17.22473,17.07109,16.95160,17.10523,17.00281,16.72967,16.83210,16.96867,16.81503,16.90038,17.03695,17.42959,18.65870,18.98306,19.44397,21.03159,22.44849,23.43861,24.78723,26.51141,28.78186,30.13048,32.62286,33.35692,34.39825,35.23474,35.88344,36.34436,36.44678,36.85649,37.23205,37.50519,37.57348,37.81247,37.94904,37.82954,37.82954,37.98318,37.79540,38.13682,37.65883,38.00025,37.55640,38.29046,37.81247,38.05147,37.93197,37.82954,38.20511,37.31741,37.19791,37.01013,36.97599,37.19791,36.71992,36.83942,36.68578,36.53214,36.75406,36.36143,36.05415,35.88344,36.39557,35.55909,34.50068,34.32997,33.59591,33.56177,32.79357,32.40093,32.33265,31.76930,31.10353,30.50604,29.72077,29.36228,28.30387,27.67224,27.04061,26.61383,24.99208,24.25802,23.54104,23.06305,22.29485,21.61200,21.18523,20.58774
2007,Surry Hills 33_11kV,29AUG2006,MW,20.17803,19.71711,19.59761,18.96598,18.72699,18.65870,18.01000,17.89051,17.85636,17.78808,17.70272,17.53201,17.17352,17.25887,17.13938,17.22473,17.25887,17.44666,17.82222,17.99293,18.57335,19.13669,20.00732,21.09987,22.80698,23.57518,24.95794,26.81869,29.99391,31.64981,33.23742,33.98855,35.16645,36.10536,36.49800,36.66871,37.24912,36.92477,37.76126,37.60762,37.91490,37.81247,37.98318,38.06854,37.55640,37.88075,38.01732,38.23925,38.01732,38.06854,38.08561,38.39289,38.22218,37.94904,38.11975,37.91490,38.39289,37.94904,37.38569,37.36862,37.62469,36.97599,36.99306,36.92477,36.75406,36.58335,36.29314,35.91758,35.67858,35.69565,35.79808,35.57616,34.36411,34.05683,33.54470,33.22035,32.45215,31.90587,31.61566,31.27424,30.48897,29.87441,29.51592,28.74772,28.06488,27.58689,27.46739,26.08463,24.95794,24.12145,23.57518,23.01183,22.34606,21.76564,21.28765,20.63895
2007,Surry Hills 33_11kV,30AUG2006,MW,20.33167,19.52933,19.03427,19.18791,18.53921,18.43678,17.87343,17.89051,17.68565,17.61737,17.37837,17.29302,17.20766,16.95160,17.17352,17.39544,17.27595,17.32716,17.54908,17.66858,18.98306,19.17084,19.88782,21.25351,22.67041,23.72882,25.04329,26.56262,29.31107,30.84746,32.45215,34.22754,35.13231,35.57616,36.07122,36.82235,36.87356,36.99306,37.38569,37.41984,37.53933,37.65883,38.49531,38.58067,38.39289,38.63188,38.30753,38.25632,38.34167,38.44410,38.39289,38.78552,38.06854,38.05147,38.00025,38.25632,38.90502,38.40996,38.30753,38.03439,37.67590,37.06134,37.23205,37.21498,36.89063,36.90770,36.95892,37.02720,35.74687,35.74687,35.59323,35.28595,34.19340,33.61298,32.98135,32.79357,32.29851,32.17901,31.51324,31.22303,29.92563,29.89148,29.63542,28.49165,27.97952,27.02354,26.63090,26.08463,24.87258,24.27509,23.60932,23.09719,22.29485,21.52665,21.35594,20.84380
2007,Surry Hills 33_11kV,31AUG2006,MW,20.50238,19.88782,19.37569,19.03427,18.81234,18.57335,18.26607,18.09536,17.87343,17.71979,17.41251,17.49787,17.25887,17.12231,17.10523,17.08816,17.05402,17.36130,17.70272,17.89051,18.59042,19.13669,20.12682,21.35594,22.70455,23.76296,25.02622,26.59676,29.92563,30.77918,32.72528,33.63005,34.36411,35.42252,35.74687,36.15657,36.58335,36.63457,37.40276,37.31741,37.48812,37.89783,37.30034,37.74419,37.41984,37.62469,37.74419,38.03439,37.98318,38.06854,38.81966,,,,,,,,,38.34167,38.25632,38.13682,37.76126,,,,,,,,,,,,,,,,,,,,,,,,,25.76028,24.94087,23.98489,23.33618,22.44849,22.26070,21.62907,21.09987,20.62188
2007,Surry Hills 33_11kV,01SEP2006,MW,22.03771,21.48214,21.16732,20.74138,20.42655,20.01913,19.88950,19.42652,19.53764,19.13022,19.24133,18.94503,18.83391,18.90799,18.75984,18.50057,18.79687,18.94503,19.09318,19.38948,20.13025,20.74138,21.75993,23.35257,24.31556,25.59338,26.76008,28.55643,31.31578,33.13065,35.35294,36.37149,37.46411,38.16784,38.79749,39.83456,39.85308,40.48272,40.87163,40.96422,40.90866,41.09385,41.89018,41.85314,41.77906,42.11240,41.89018,42.63094,43.11244,42.33463,42.59390,42.24204,42.18648,42.98280,43.11244,42.46427,42.96428,42.35315,42.50131,42.35315,41.70498,41.61239,41.40868,41.24201,40.66792,39.90863,39.87159,39.39010,38.57526,37.70486,38.07524,37.35300,34.88996,34.66773,34.09364,33.66770,32.81582,32.18617,31.55652,30.96391,30.68613,29.98240,29.53794,28.51939,28.14901,27.29713,26.96379,25.94524,25.20448,24.64891,24.26000,24.14889,23.59332,23.38961,22.87107,22.24142
2007,Surry Hills 33_11kV,02SEP2006,MW,21.90808,21.38955,20.88953,20.59323,20.03765,19.64875,19.59319,19.38948,19.27837,18.87095,18.88947,18.63020,18.44501,18.46353,18.33390,18.35242,17.98203,18.25982,18.37093,18.38945,18.16722,18.83391,19.00058,19.20429,19.64875,19.53764,20.51915,20.61174,21.75993,22.50069,23.09330,23.90814,24.66742,25.26003,25.94524,26.38970,27.33417,27.81567,27.83419,28.64903,29.20460,28.77866,29.33423,29.48239,29.42683,29.03793,29.38979,29.55646,29.88981,29.16756,29.26016,29.38979,28.87126,29.05645,28.72310,28.68607,28.76014,28.44532,28.03790,28.22309,28.26013,27.59344,27.51936,27.53788,27.20454,27.48233,27.29713,27.22306,26.85268,27.26010,28.01938,28.72310,28.27865,28.26013,28.16753,27.79715,27.46381,27.16750,26.96379,26.57489,26.24155,25.79709,25.81561,25.53782,25.09336,24.85262,24.51927,24.59335,23.61184,23.51924,23.37109,22.96367,22.35254,22.33402,21.90808,21.55622
2007,Surry Hills 33_11kV,03SEP2006,MW,21.29695,21.05620,20.64878,20.35248,20.05617,19.42652,18.98206,19.00058,18.79687,18.33390,18.22278,18.11167,18.13019,18.05611,18.16722,17.88944,17.83388,17.94500,18.53761,18.44501,18.74132,18.75984,18.88947,19.18577,19.48208,19.22281,19.57468,19.57468,20.18581,20.88953,21.37103,21.83400,22.79700,22.81552,23.50072,23.92666,23.98222,24.90817,25.26003,25.53782,25.50078,26.16747,26.00080,26.13043,25.61190,25.85265,25.92672,25.83413,25.81561,25.79709,26.16747,26.03784,26.01932,25.59338,25.44523,25.53782,25.00077,25.09336,25.14892,25.00077,24.83410,24.90817,24.94521,24.77854,25.14892,25.03781,25.46374,25.37115,25.42671,25.61190,26.66749,27.44529,27.27862,27.77863,27.48233,27.64900,27.13046,26.98231,27.00083,26.48229,26.46378,26.24155,25.72301,25.44523,25.01929,24.70446,24.44520,23.96370,23.25997,23.03774,22.53773,22.44513,21.81548,21.40806,21.00064,20.38952
2007,Surry Hills 33_11kV,04SEP2006,MW,20.00061,19.63023,19.25985,19.38948,18.83391,18.72280,18.48205,18.48205,18.24130,17.96351,17.92648,17.98203,17.75980,17.79684,17.81536,17.90796,17.77832,18.07463,18.38945,18.61168,19.94506,20.37100,20.74138,21.88956,23.64887,23.90814,25.46374,27.20454,29.85277,31.74172,34.51958,35.59369,36.51964,37.83450,38.42711,38.85305,40.07530,40.31605,39.90863,40.39013,41.11237,41.05682,40.79755,41.39016,41.61239,41.79758,41.85314,41.94573,41.96425,41.70498,41.87166,42.01981,42.40871,42.09389,41.14941,41.29756,41.50127,41.59387,42.03833,41.48276,40.81607,40.76051,40.68643,40.40865,39.74196,39.79752,40.24198,38.87156,38.64934,38.42711,38.22340,37.92709,36.33445,35.90851,34.98256,34.88996,34.35291,33.66770,33.07509,32.20469,31.77875,31.63060,30.94539,29.68610,28.90830,28.13049,27.79715,26.81564,25.87116,24.66742,24.42668,23.96370,23.07478,22.46365,21.85252,20.98213
2007,Surry Hills 33_11kV,05SEP2006,MW,20.72286,20.20432,20.07469,19.75987,19.42652,19.25985,18.98206,18.81539,18.61168,18.64872,18.53761,18.24130,18.24130,18.13019,18.22278,18.22278,18.40797,18.24130,18.66724,18.90799,19.98210,20.57471,21.24139,22.33402,23.96370,24.70446,26.24155,28.44532,31.26022,33.11213,34.70477,36.44556,37.18633,37.74190,39.01972,39.96419,39.94567,39.66788,40.31605,40.20494,40.51976,40.48272,40.85311,41.33460,41.50127,41.61239,41.83462,42.11240,41.53831,41.44572,41.53831,41.27905,41.40868,41.94573,41.42720,41.42720,41.63091,41.07534,40.92718,40.51976,40.59384,41.48276,40.77903,40.48272,40.29753,39.98271,39.85308,39.74196,39.07527,38.39007,38.53822,38.11228,36.92706,37.07521,36.01962,35.55665,34.35291,34.26031,34.11216,33.00101,32.40840,31.88987,31.38985,30.40834,29.14904,28.81570,28.24161,27.46381,25.77857,25.18596,24.61187,24.05629,23.29701,22.92663,22.20439,21.96364
2007,Surry Hills 33_11kV,06SEP2006,MW,21.27843,20.88953,20.14877,19.88950,19.83394,19.57468,19.07466,19.13022,18.92651,18.77835,18.46353,18.13019,18.27834,18.14871,18.44501,18.27834,18.53761,18.53761,19.00058,19.27837,20.00061,20.70434,21.53770,22.48217,24.09333,24.74150,26.57489,28.14901,31.20466,32.92694,35.11219,35.92703,37.22337,37.76042,39.05675,39.09379,39.07527,40.01975,39.29750,39.57529,40.37161,40.61236,40.55680,40.44569,41.07534,40.77903,40.85311,41.81610,41.46424,41.76054,41.63091,41.44572,41.94573,41.40868,41.35312,40.98274,41.55683,40.98274,41.35312,41.00126,40.39013,40.72347,40.64940,40.01975,40.03827,39.79752,39.29750,38.92712,38.39007,38.31599,38.29747,38.63082,36.55668,36.40853,36.07518,35.35294,34.11216,33.79733,33.35288,32.88990,32.05654,31.57504,31.53801,30.33426,29.57498,28.70459,28.83422,27.64900,26.61193,25.63042,25.01929,24.81558,24.31556,23.53776,23.13034,22.46365
2007,Surry Hills 33_11kV,07SEP2006,MW,22.22290,21.40806,20.92657,20.42655,20.38952,20.16729,19.79690,19.35245,19.27837,19.16726,19.00058,19.09318,18.75984,18.59316,18.44501,18.81539,18.64872,19.00058,18.98206,19.50060,20.27840,20.85249,21.85252,23.42665,25.11188,25.98228,27.14898,29.00089,31.85283,33.70474,35.26034,36.53816,37.94561,38.57526,39.27898,39.63085,40.01975,40.35309,40.24198,40.87163,41.33460,41.27905,40.68643,41.01978,41.16793,41.48276,41.46424,41.77906,41.18645,41.37164,41.42720,41.11237,41.00126,41.11237,40.70495,41.09385,41.03830,40.96422,40.68643,40.50124,40.40865,40.40865,40.05679,40.11234,39.81604,39.53825,39.11231,38.87156,38.92712,38.50118,38.79749,38.39007,37.48263,36.92706,36.46408,35.64924,35.50109,34.79736,34.09364,33.46399,33.53807,32.81582,32.42692,31.31578,30.33426,29.85277,29.48239,28.55643,27.79715,26.83416,26.18599,25.40819,24.98225,24.22297,23.70443,22.59329
2007,Surry Hills 33_11kV,08SEP2006,MW,22.68588,22.01919,21.46362,21.07472,20.66730,20.51915,20.22284,19.88950,19.81542,19.74135,19.57468,19.29689,19.44504,19.18577,19.09318,19.05614,19.00058,19.22281,19.70431,19.96358,20.75990,21.29695,22.44513,23.50072,24.81558,25.98228,27.14898,29.46387,31.64912,33.66770,35.35294,37.03817,37.90857,38.22340,39.46417,39.68640,39.66788,39.42714,39.94567,40.01975,40.42717,40.07530,40.18642,40.70495,40.18642,39.87159,40.63088,40.61236,40.50124,40.48272,40.27901,40.42717,40.35309,40.57532,40.07530,40.18642,40.16790,39.72344,39.76048,39.11231,39.07527,39.16787,38.76045,38.59378,38.61230,38.63082,37.79746,37.59375,37.42708,36.72335,37.03817,36.76039,35.42701,35.29738,34.85292,33.76030,33.05657,32.44544,32.11210,31.88987,31.11207,30.85280,30.27871,29.42683,28.18605,27.70455,27.24158,26.85268,26.14895,25.74153,25.22300,24.74150,24.24149,23.83407,23.38961,22.61181
2007,Surry Hills 33_11kV,09SEP2006,MW,22.50069,21.88956,21.38955,21.37103,20.85249,20.48211,19.98210,19.77839,19.74135,19.46356,19.33393,19.03762,19.07466,18.63020,18.61168,18.68576,18.77835,18.61168,18.96355,18.74132,18.85243,19.18577,19.46356,19.88950,20.61174,20.88953,20.83397,21.35251,22.33402,22.61181,23.51924,24.64891,25.50078,26.24155,26.29710,27.07491,27.74159,27.90826,28.37124,28.81570,29.79721,29.96388,30.11204,30.46390,30.07500,30.50094,30.98243,30.59353,30.24167,29.55646,29.68610,29.68610,29.55646,29.79721,29.33423,29.26016,29.00089,28.92681,28.98237,28.68607,29.09349,28.72310,29.22312,29.46387,29.07497,29.24164,29.11201,28.76014,29.18608,29.68610,30.38982,30.48242,30.61205,30.40834,30.42686,30.24167,29.85277,29.40831,29.35275,28.44532,28.42680,28.35272,28.00086,27.72307,27.00083,26.68600,26.42674,26.29710,25.83413,25.63042,25.27855,24.94521,24.13037,23.94518,23.70443,23.42665
2007,Surry Hills 33_11kV,10SEP2006,MW,22.77848,22.64884,21.98216,21.83400,21.40806,20.87101,20.24136,20.09321,20.09321,19.81542,19.55616,19.24133,19.33393,19.16726,19.11170,18.98206,18.92651,18.85243,19.05614,19.05614,19.03762,18.96355,19.38948,19.64875,19.83394,19.88950,20.07469,20.38952,20.81545,21.18584,21.81548,22.33402,22.94515,23.40813,23.83407,23.98222,24.63039,25.05633,25.37115,25.87116,26.27858,26.40822,26.50081,27.03787,27.24158,27.03787,27.24158,27.18602,27.50084,26.87120,27.00083,26.98231,27.05639,27.13046,27.44529,27.77863,27.85271,27.66752,28.01938,28.09346,27.94530,27.48233,27.09342,27.07491,27.01935,27.09342,27.68604,27.88975,28.09346,28.48236,29.38979,30.03796,30.11204,30.37130,30.53797,30.59353,30.38982,30.13055,30.03796,29.87129,29.74165,29.29720,29.00089,28.31568,27.85271,27.55640,26.94527,26.68600,26.05636,25.27855,24.81558,24.44520,23.51924,22.88959,22.44513,22.07475
2007,Surry Hills 33_11kV,11SEP2006,MW,21.75993,21.07472,20.50063,20.16729,19.96358,19.74135,19.50060,19.38948,19.09318,18.96355,18.64872,18.50057,18.46353,18.55613,18.38945,18.66724,18.59316,18.57464,18.77835,19.31541,20.44507,21.00064,21.61177,22.87107,24.79706,26.05636,27.85271,29.40831,32.64915,34.44550,36.46408,38.18636,39.35306,39.90863,40.40865,41.16793,41.09385,41.44572,41.42720,41.64943,41.59387,41.79758,42.16796,42.11240,42.37167,41.83462,41.89018,42.40871,42.00129,42.03833,42.22352,42.18648,42.29760,42.51982,41.92721,41.66795,41.79758,41.53831,41.55683,41.57535,41.16793,41.18645,41.37164,41.33460,41.24201,40.94570,40.81607,39.79752,39.63085,39.39010,39.16787,38.76045,38.22340,37.66782,37.07521,37.39004,36.57520,36.31593,35.72332,34.81588,34.05660,33.35288,32.90842,32.20469,30.83428,30.59353,30.55649,28.77866,27.88975,27.03787,26.33414,25.61190,25.29707,24.31556,23.59332,23.11182
2007,Surry Hills 33_11kV,12SEP2006,MW,22.27846,21.90808,21.50066,20.96361,20.79693,20.35248,20.16729,19.96358,19.74135,19.42652,19.33393,19.07466,19.09318,18.96355,18.81539,19.05614,19.13022,19.20429,19.57468,19.64875,20.50063,21.20435,22.09327,23.03774,24.81558,25.66745,27.77863,30.03796,32.68619,34.68625,36.11222,38.01969,38.98268,40.13086,40.24198,40.74199,41.14941,41.13089,40.31605,40.83459,41.29756,40.79755,40.89014,41.27905,41.01978,41.70498,41.48276,41.31608,41.76054,41.18645,41.51979,41.59387,41.53831,41.63091,41.46424,41.09385,40.83459,41.05682,41.07534,40.76051,40.31605,40.42717,40.68643,40.46421,40.64940,40.16790,39.87159,39.66788,39.22343,38.76045,39.01972,38.98268,37.57523,37.63079,36.74187,36.83446,36.50112,35.76036,35.22330,34.38994,33.92697,33.38991,32.85286,31.98246,30.92688,30.33426,29.98240,29.31572,27.72307,27.00083,25.96376,25.01929,24.40816,23.64887,23.00071,22.51921
2007,Surry Hills 33_11kV,13SEP2006,MW,22.05623,21.61177,21.22287,20.90805,20.27840,20.18581,20.03765,19.74135,19.38948,19.35245,19.29689,18.92651,18.85243,18.83391,18.61168,18.75984,18.79687,19.00058,19.42652,19.46356,20.64878,21.01916,22.22290,23.11182,24.87113,26.09339,27.40825,29.55646,32.35285,34.31587,36.57520,37.11225,37.89005,38.63082,39.74196,40.16790,40.50124,40.26050,39.72344,40.79755,40.96422,40.50124,40.87163,41.55683,41.44572,41.51979,41.05682,41.74202,41.18645,41.55683,41.00126,41.40868,41.55683,41.33460,41.05682,41.05682,41.26053,41.26053,40.59384,40.63088,40.63088,40.18642,40.16790,39.79752,40.05679,40.05679,39.42714,39.61233,38.89008,38.27895,38.29747,38.37155,37.24188,37.03817,36.07518,35.76036,34.63069,34.81588,33.96401,33.85289,33.63066,33.00101,32.11210,31.26022,30.35278,29.85277,29.33423,28.29717,26.66749,26.31562,25.33411,24.72298,24.20445,23.61184,22.96367,22.35254
2007,Surry Hills 33_11kV,14SEP2006,MW,22.01919,21.55622,20.94509,20.77842,20.20432,19.98210,19.77839,19.35245,19.33393,19.20429,18.88947,18.81539,18.74132,18.74132,18.61168,18.46353,18.75984,19.13022,19.20429,19.59319,20.51915,21.11176,21.92660,22.57477,24.22297,25.59338,27.09342,28.72310,31.61208,33.94549,35.31590,36.87150,38.26043,38.55674,38.98268,39.74196,40.29753,40.57532,40.27901,40.35309,40.50124,41.03830,40.98274,41.40868,41.63091,41.61239,41.55683,41.92721,41.83462,42.00129,40.85311,41.07534,41.50127,41.66795,41.51979,41.44572,41.26053,41.13089,41.09385,40.72347,40.31605,40.31605,39.83456,40.24198,39.87159,39.20491,39.26046,39.24195,38.85305,38.59378,38.27895,37.61227,36.68631,36.48260,35.83443,35.53813,34.68625,33.88993,33.83437,32.88990,32.29729,31.63060,31.31578,30.76020,29.72314,28.88978,28.48236,27.77863,26.35266,26.03784,25.18596,24.68594,23.96370,23.70443,22.96367,22.40810
2007,Surry Hills 33_11kV,15SEP2006,MW,22.20439,21.40806,20.90805,20.57471,20.18581,19.85246,19.83394,19.35245,19.40800,19.11170,18.64872,19.03762,18.83391,19.00058,18.53761,18.57464,19.01910,18.70428,18.96355,19.29689,20.35248,20.81545,21.90808,22.48217,24.57483,25.35263,26.87120,29.00089,31.13059,32.96398,35.37146,36.44556,37.68634,38.27895,38.87156,39.77900,39.85308,39.85308,40.29753,40.66792,40.90866,40.92718,41.31608,41.70498,41.63091,41.70498,41.81610,41.63091,41.90869,41.94573,41.64943,41.77906,41.31608,41.55683,41.44572,41.55683,41.39016,41.42720,41.53831,41.50127,40.94570,40.89014,40.89014,40.18642,39.85308,39.51973,38.89008,38.77897,37.81598,37.07521,36.83446,36.35297,35.27886,34.29735,33.88993,33.53807,32.50100,31.81579,31.74172,31.31578,30.42686,30.40834,29.59350,29.05645,27.98234,27.42677,27.27862,26.46378,25.37115,25.29707,24.98225,24.50075,23.72295,23.59332,23.14886,22.31550
2007,Surry Hills 33_11kV,16SEP2006,MW,22.03771,21.75993,21.37103,20.98213,20.64878,20.09321,19.92654,19.68579,19.48208,19.44504,19.29689,18.83391,18.85243,18.51909,18.77835,18.88947,18.72280,18.48205,18.59316,18.77835,18.83391,18.85243,19.14874,19.29689,19.55616,19.92654,20.20432,20.98213,21.74141,22.53773,23.29701,24.70446,24.88965,25.70449,26.68600,26.72304,27.79715,27.68604,28.53791,28.22309,29.07497,28.90830,29.20460,29.16756,29.13052,29.26016,29.24164,29.61202,29.31572,28.53791,28.77866,28.74162,28.55643,28.09346,27.90826,27.59344,27.35269,27.53788,27.48233,26.76008,26.96379,26.70452,27.11194,26.66749,26.64897,26.90823,26.94527,26.79712,26.63045,26.66749,27.07491,28.07494,28.05642,28.66755,28.59347,28.20457,27.61196,27.44529,27.24158,26.38970,26.31562,26.11191,25.79709,25.29707,24.74150,24.50075,24.59335,24.00074,23.85258,23.44516,23.05626,22.87107,22.51921,22.42661,22.14883,22.03771
2007,Surry Hills 33_11kV,17SEP2006,MW,21.64881,21.37103,20.64878,20.55619,20.16729,19.74135,19.51912,19.13022,18.83391,18.64872,18.66724,18.61168,18.46353,18.42649,18.22278,18.16722,18.29686,18.22278,18.07463,18.13019,18.53761,18.57464,18.31538,18.70428,18.94503,19.16726,19.07466,19.66727,20.05617,20.63026,20.75990,21.31547,21.96364,22.79700,22.85255,23.14886,23.77851,24.00074,24.37112,24.59335,25.31559,25.61190,25.72301,25.83413,26.11191,25.66745,26.31562,26.14895,26.13043,26.00080,25.85265,25.83413,25.37115,25.27855,25.48226,25.57486,25.68597,24.96373,24.94521,25.03781,24.81558,24.64891,24.59335,24.77854,24.85262,24.81558,24.74150,25.07484,25.20448,25.59338,26.31562,26.98231,27.40825,27.20454,27.74159,27.59344,27.53788,27.38973,27.16750,26.88971,26.66749,26.05636,26.09339,25.98228,25.29707,25.11188,24.63039,24.37112,23.79703,23.27849,22.87107,22.55625,22.13031,21.75993,21.40806,20.85249
2007,Surry Hills 33_11kV,18SEP2006,MW,20.46359,20.01913,19.68579,19.31541,19.11170,19.01910,18.72280,18.68576,18.31538,18.38945,18.14871,17.96351,18.07463,18.03759,18.00055,18.20426,18.38945,18.24130,18.64872,18.83391,20.13025,20.44507,20.77842,21.75993,23.03774,24.61187,26.00080,28.29717,30.68613,32.24173,34.31587,35.88999,37.18633,38.39007,38.53822,39.35306,40.07530,40.46421,40.51976,40.42717,41.18645,42.00129,41.46424,41.59387,41.39016,42.05685,41.96425,43.42726,42.90873,42.22352,42.51982,42.55686,43.50134,42.83465,42.92724,42.61242,43.24207,42.70502,42.72353,42.70502,42.01981,42.24204,41.94573,41.70498,41.53831,41.83462,40.74199,40.37161,40.14938,39.09379,38.77897,38.31599,36.74187,36.66779,36.20482,35.48257,34.37143,34.13068,33.74178,32.98249,31.98246,31.57504,31.22318,30.37130,29.26016,28.63051,28.18605,27.26010,25.83413,25.11188,24.66742,23.90814,23.05626,22.51921,22.05623,21.38955
2007,Surry Hills 33_11kV,19SEP2006,MW,21.14880,20.59323,20.11173,19.87098,19.57468,19.38948,19.01910,19.00058,18.92651,18.68576,18.48205,18.37093,18.18574,18.25982,18.33390,18.37093,18.48205,18.53761,19.14874,18.87095,19.81542,20.53767,21.38955,22.35254,23.96370,24.81558,26.22303,28.61199,31.18614,32.44544,35.24182,36.74187,37.18633,38.07524,39.16787,40.18642,40.90866,41.81610,41.42720,42.33463,42.81613,42.83465,43.27911,43.64949,43.79764,44.27914,44.14950,44.68656,44.94582,44.64952,44.87175,45.42732,45.31621,44.96434,45.57547,45.70511,45.50140,45.00138,44.79767,44.57544,44.29766,44.37173,44.16802,44.26062,44.27914,43.50134,42.83465,42.01981,41.05682,40.44569,39.94567,39.81604,38.26043,38.29747,37.11225,36.98262,35.68628,35.16775,35.00107,34.14920,33.29732,32.68619,31.92691,31.13059,29.87129,29.64906,28.66755,27.83419,26.51933,25.66745,25.37115,24.44520,23.87110,23.37109,22.66736,22.24142
2007,Surry Hills 33_11kV,20SEP2006,MW,21.61177,21.33399,21.13028,20.57471,20.24136,20.50063,19.92654,19.40800,19.20429,19.50060,19.16726,18.92651,18.75984,19.11170,18.77835,19.14874,19.27837,19.29689,19.44504,19.94506,20.68582,21.14880,22.00068,23.07478,25.18596,25.92672,27.29713,29.72314,32.55656,34.37143,36.57520,38.61230,39.59381,40.85311,41.33460,41.98277,42.87169,43.26059,43.98283,44.27914,44.79767,44.77915,45.13102,45.35324,45.81622,46.05697,45.98289,46.72366,45.98289,45.96437,45.89030,46.59402,46.70514,46.63106,46.16808,45.85326,45.70511,45.96437,45.98289,45.85326,45.35324,45.46436,45.16805,44.66804,44.50137,43.57541,42.59390,42.61242,41.92721,40.89014,40.61236,39.70492,37.59375,37.55671,36.50112,35.92703,35.50109,34.57514,34.57514,33.64918,32.85286,32.64915,32.11210,30.87132,29.70462,29.03793,28.81570,28.26013,26.90823,26.20451,25.51930,25.13040,24.11185,23.51924,22.59329,22.18587
2007,Surry Hills 33_11kV,21SEP2006,MW,21.66733,21.25991,20.64878,20.33396,20.37100,20.03765,19.77839,19.64875,19.44504,19.37097,19.16726,19.00058,18.85243,18.87095,18.64872,18.79687,18.88947,19.01910,,20.11173,20.38952,20.74138,21.31547,22.53773,24.50075,,26.68600,28.50088,31.59356,33.68622,35.48257,37.29744,38.51970,39.64937,39.70492,40.63088,41.00126,40.89014,41.70498,42.11240,42.44575,42.40871,43.24207,42.90873,43.59393,43.92727,43.70505,44.51989,44.44581,43.94579,44.20506,43.96431,44.03839,43.94579,43.68653,43.53837,43.03836,42.77909,42.64946,43.05688,42.92724,42.35315,42.16796,42.13092,42.26056,42.37167,41.09385,40.87163,40.01975,39.13083,38.94564,38.63082,37.14929,36.77891,35.74184,35.51961,34.38994,33.94549,33.40843,32.16765,32.03802,31.22318,31.14910,30.50094,29.35275,28.38976,28.26013,27.79715,26.51933,26.09339,25.40819,24.72298,24.24149,23.22294,23.01923,22.11179
2007,Surry Hills 33_11kV,22SEP2006,MW,21.90808,21.40806,20.96361,20.44507,20.24136,19.83394,19.53764,19.22281,19.33393,18.94503,18.72280,18.63020,18.55613,18.50057,18.66724,18.48205,18.64872,19.00058,19.11170,19.50060,20.18581,20.83397,21.42658,22.33402,24.37112,25.03781,26.35266,28.26013,31.24170,32.85286,35.09367,36.83446,37.55671,38.85305,39.29750,40.33457,40.87163,42.14944,41.70498,42.53834,43.05688,43.85320,44.57544,44.48285,44.29766,44.44581,44.39025,44.85323,44.51989,44.79767,44.89027,44.63100,44.83471,44.53840,45.24213,45.24213,45.20509,44.94582,44.85323,45.63103,44.72360,44.66804,44.27914,44.57544,44.53840,43.42726,42.83465,43.03836,41.33460,40.11234,39.22343,38.03821,36.98262,36.55668,35.13071,34.40846,33.85289,32.38988,32.55656,31.74172,31.48245,30.72317,30.14907,29.01941,28.07494,27.76011,27.35269,26.77860,25.85265,25.50078,25.22300,24.81558,24.51927,24.00074,23.57480,23.01923
2007,Surry Hills 33_11kV,23SEP2006,MW,22.74144,22.13031,21.57474,21.44510,21.07472,20.92657,20.57471,20.46359,20.20432,19.77839,19.64875,19.40800,19.18577,19.27837,19.38948,19.31541,19.09318,19.18577,19.18577,19.24133,19.63023,20.03765,19.53764,19.81542,20.42655,20.83397,21.18584,21.85252,23.42665,23.94518,25.00077,26.01932,27.13046,26.76008,27.77863,28.44532,29.35275,29.26016,29.70462,30.18611,30.20463,30.98243,30.31575,31.18614,30.94539,31.14910,31.24170,30.64909,30.72317,30.11204,30.94539,30.59353,30.31575,30.35278,29.96388,29.94536,29.83425,29.35275,29.74165,29.03793,28.92681,29.20460,29.11201,28.98237,28.18605,27.79715,27.92678,27.48233,27.11194,27.55640,27.42677,27.92678,28.90830,28.74162,28.24161,28.07494,27.88975,27.53788,27.37121,27.00083,26.51933,26.18599,25.88968,25.40819,25.03781,24.81558,24.61187,24.35260,24.00074,23.64887,23.16738,23.14886,22.87107,22.74144,22.64884,22.22290
2007,Surry Hills 33_11kV,24SEP2006,MW,21.64881,21.31547,21.05620,20.79693,20.29692,19.98210,19.96358,19.66727,19.37097,19.40800,18.94503,18.85243,18.94503,18.96355,18.64872,18.51909,18.61168,18.53761,18.61168,18.77835,18.94503,19.07466,19.09318,19.27837,19.53764,19.88950,19.87098,20.16729,20.88953,21.72289,22.22290,22.29698,23.07478,23.85258,23.90814,24.83410,24.87113,25.29707,25.85265,26.26007,26.83416,27.27862,27.63048,28.27865,27.98234,28.20457,28.24161,28.27865,28.37124,28.55643,28.27865,28.29717,28.37124,27.90826,28.03790,28.22309,27.83419,28.24161,28.57495,28.16753,27.87123,28.09346,28.11197,28.01938,28.16753,27.74159,28.01938,27.92678,27.59344,27.59344,27.98234,28.55643,28.72310,29.27868,28.92681,29.16756,28.59347,28.38976,28.16753,27.35269,27.37121,26.76008,26.55637,26.13043,25.55634,25.27855,25.16744,24.77854,24.09333,23.96370,23.25997,22.79700,22.50069,22.01919,21.63029,21.20435
2007,Surry Hills 33_11kV,25SEP2006,MW,20.64878,20.61174,20.00061,19.53764,19.13022,18.81539,18.77835,18.68576,18.42649,18.59316,18.29686,17.94500,17.98203,18.14871,18.22278,18.25982,18.50057,18.83391,18.75984,18.98206,20.37100,20.50063,20.66730,22.07475,23.50072,24.14889,26.29710,28.22309,30.96391,33.57511,35.07515,36.81595,37.59375,38.72341,39.07527,40.76051,41.24201,41.07534,41.37164,41.44572,42.29760,41.98277,42.40871,42.37167,41.81610,42.63094,42.22352,42.40871,42.26056,42.59390,42.40871,42.29760,42.07537,42.37167,42.39019,42.48279,42.37167,42.00129,41.90869,41.70498,41.66795,41.74202,41.40868,40.92718,40.68643,40.20494,40.14938,39.64937,38.70489,37.94561,38.16784,37.37152,36.76039,36.53816,35.46405,35.27886,34.55662,33.77882,33.48251,32.70471,31.94543,31.31578,30.94539,29.68610,28.61199,27.85271,27.50084,26.92675,25.46374,24.64891,24.40816,23.87110,22.87107,22.48217,21.96364,21.09324
2007,Surry Hills 33_11kV,26SEP2006,MW,21.22287,20.44507,19.88950,19.87098,19.35245,19.27837,19.01910,18.77835,18.63020,18.57464,18.27834,18.18574,18.37093,18.48205,18.24130,18.35242,18.48205,18.51909,18.85243,19.51912,20.05617,20.42655,21.25991,22.29698,23.88962,24.90817,26.16747,28.98237,31.29726,33.07509,35.11219,36.46408,37.07521,39.00120,39.24195,39.18639,40.03827,40.37161,40.27901,40.40865,40.87163,41.64943,41.96425,41.55683,41.92721,41.96425,41.83462,42.37167,41.74202,41.46424,41.29756,41.39016,41.83462,41.55683,41.53831,41.92721,41.50127,41.55683,41.20497,41.44572,41.00126,40.64940,40.89014,40.53828,40.53828,40.31605,39.92715,39.81604,38.53822,38.14932,37.79746,37.18633,36.26037,36.39001,35.57517,34.94552,34.03808,33.79733,33.35288,32.94546,32.88990,31.74172,31.79727,30.66761,29.61202,28.96385,28.81570,27.20454,26.22303,25.63042,24.88965,24.20445,23.51924,22.88959,22.25994,21.68585
2007,Surry Hills 33_11kV,27SEP2006,MW,21.48214,20.74138,20.40803,20.20432,19.68579,19.59319,19.24133,19.09318,19.01910,18.92651,18.72280,18.46353,18.61168,18.74132,18.64872,18.66724,18.87095,19.07466,19.33393,19.92654,20.74138,21.07472,22.25994,23.07478,24.90817,25.74153,27.35269,29.64906,32.26025,34.00104,35.96407,37.46411,38.76045,39.66788,40.35309,41.55683,41.85314,42.31611,42.61242,42.40871,42.85317,43.20503,43.18651,43.64949,43.50134,43.01984,43.37170,44.22358,44.03839,44.31618,44.40877,44.40877,44.48285,44.40877,44.20506,44.76063,44.50137,44.29766,43.81616,44.16802,43.96431,44.22358,44.31618,44.26062,43.98283,43.46430,42.57538,41.96425,42.05685,41.07534,40.16790,39.48269,38.14932,38.33451,37.01966,36.72335,35.81591,35.72332,34.51958,33.88993,33.24176,32.76027,31.76023,31.50097,29.87129,29.59350,29.07497,28.13049,27.11194,26.74156,25.79709,25.01929,24.72298,23.98222,23.11182,22.38958
2007,Surry Hills 33_11kV,28SEP2006,MW,22.20439,21.85252,21.64881,21.29695,20.64878,20.29692,19.92654,19.77839,19.68579,19.29689,19.35245,19.18577,19.35245,19.22281,19.01910,18.94503,19.11170,19.27837,19.77839,20.14877,21.00064,21.22287,21.96364,23.20442,24.50075,25.66745,27.07491,29.14904,31.92691,33.79733,35.46405,37.03817,38.13080,39.27898,39.50121,39.83456,40.48272,40.96422,41.61239,41.29756,42.79761,42.50131,42.03833,42.39019,42.24204,42.74205,42.77909,43.11244,42.66798,42.85317,42.77909,42.89021,43.55689,43.13095,42.39019,42.48279,43.03836,43.14947,42.50131,42.61242,42.39019,42.20500,42.29760,42.20500,41.24201,41.33460,41.03830,39.89011,40.00123,38.68637,38.40859,37.72338,36.59372,35.96407,35.61220,35.22330,33.64918,33.68622,32.76027,32.13062,31.77875,31.24170,30.40834,29.85277,28.57495,28.35272,28.07494,27.03787,26.13043,25.68597,24.77854,24.05629,23.68591,23.40813,22.57477,22.20439
2007,Surry Hills 33_11kV,29SEP2006,MW,21.88956,21.24139,20.83397,20.44507,20.09321,19.90802,19.37097,19.24133,19.13022,19.09318,18.83391,18.63020,18.74132,18.51909,18.40797,18.37093,18.87095,18.72280,18.92651,19.31541,20.05617,20.29692,21.27843,22.01919,23.81555,25.00077,26.29710,28.35272,31.09355,32.66767,35.31590,36.01962,37.53819,37.14929,37.94561,38.74193,40.48272,40.70495,40.92718,41.14941,41.66795,41.16793,41.64943,42.68650,42.66798,42.55686,42.14944,43.00132,42.77909,43.46430,43.24207,43.00132,42.50131,42.96428,43.39022,43.22355,42.61242,43.26059,42.87169,43.20503,43.03836,42.20500,42.09389,42.27908,41.64943,40.89014,40.26050,40.79755,39.55677,38.59378,37.89005,36.76039,35.88999,34.76033,34.35291,34.05660,33.29732,32.07506,31.87135,30.87132,30.31575,29.81573,28.81570,28.14901,27.03787,26.88971,26.13043,25.53782,25.27855,24.64891,24.51927,23.96370,23.29701,23.38961,22.61181,22.38958
2007,Surry Hills 33_11kV,30SEP2006,MW,21.85252,21.48214,20.53767,20.22284,20.14877,19.63023,19.25985,19.37097,18.96355,18.61168,18.37093,18.22278,18.61168,18.29686,17.90796,18.33390,18.24130,18.22278,18.25982,18.24130,18.31538,18.13019,18.05611,18.61168,19.14874,19.75987,19.83394,20.57471,21.48214,22.38958,23.40813,23.68591,24.01926,25.20448,25.57486,26.09339,26.50081,27.09342,27.31565,27.55640,28.37124,27.90826,28.01938,28.00086,28.35272,28.24161,28.37124,28.63051,28.53791,28.48236,28.50088,28.40828,27.81567,27.53788,27.68604,27.35269,27.01935,26.76008,26.68600,26.11191,26.22303,26.11191,26.11191,26.26007,25.98228,26.27858,26.33414,25.63042,25.61190,25.68597,25.76005,26.48229,27.13046,27.22306,27.53788,27.42677,26.76008,26.55637,26.18599,25.87116,25.26003,25.35263,25.13040,24.85262,24.50075,24.09333,24.01926,23.55628,23.09330,22.77848,22.77848,22.25994,22.05623,22.05623,21.64881,21.50066
2007,Surry Hills 33_11kV,01OCT2006,MW,21.16732,20.74138,20.20432,20.18581,19.81542,19.48208,19.22281,19.09318,18.72280,18.57464,18.18574,18.18574,18.24130,18.20426,18.09315,18.05611,18.05611,17.74129,17.92648,18.20426,18.24130,18.03759,17.70425,18.33390,18.51909,18.70428,19.03762,19.29689,19.96358,20.40803,20.81545,21.42658,21.81548,22.31550,22.83403,23.38961,23.40813,23.85258,24.07481,24.33408,24.63039,24.96373,24.96373,25.38967,25.64894,25.53782,25.44523,25.44523,25.57486,25.46374,25.20448,24.88965,25.13040,24.72298,24.83410,24.70446,24.83410,24.77854,24.76002,24.26000,24.14889,24.29704,24.13037,24.11185,24.20445,24.35260,24.16741,24.24149,24.26000,23.92666,24.98225,25.44523,25.88968,26.51933,26.64897,26.42674,25.55634,25.64894,25.07484,24.98225,25.01929,25.01929,24.88965,24.31556,24.24149,23.90814,23.63036,23.20442,23.00071,22.42661,22.44513,22.09327,21.64881,21.51918,21.51918,21.00064
2007,Surry Hills 33_11kV,02OCT2006,MW,20.29692,20.33396,20.13025,19.51912,19.22281,19.14874,18.77835,18.61168,18.70428,18.25982,18.16722,18.09315,17.77832,17.68573,17.51906,17.68573,17.61165,17.68573,18.11167,18.27834,18.42649,18.05611,18.22278,19.05614,19.94506,20.00061,20.51915,21.70437,22.16735,22.61181,23.18590,24.11185,24.94521,24.83410,25.24152,25.42671,25.83413,26.63045,27.07491,27.87123,28.07494,28.57495,28.26013,28.72310,28.98237,28.79718,29.31572,30.09352,29.76017,29.85277,29.63054,29.79721,29.50091,29.42683,29.53794,28.96385,28.90830,28.70459,28.88978,28.70459,28.18605,28.22309,28.48236,28.18605,28.05642,28.11197,28.24161,28.57495,28.29717,28.16753,28.26013,28.40828,28.81570,29.09349,29.13052,29.03793,28.42680,28.14901,27.88975,27.27862,26.85268,26.68600,26.46378,26.14895,25.46374,25.01929,24.85262,24.16741,23.35257,23.18590,22.51921,21.94512,21.90808,21.55622,20.75990,20.53767
2007,Surry Hills 33_11kV,03OCT2006,MW,20.44507,19.83394,19.46356,19.09318,19.05614,18.46353,18.40797,18.24130,18.13019,18.09315,17.74129,17.70425,17.66721,17.87092,17.55609,17.88944,17.94500,18.03759,18.18574,18.37093,19.09318,19.48208,20.33396,21.35251,22.77848,23.29701,25.26003,27.31565,30.87132,32.55656,34.22327,35.18627,36.03814,36.94558,38.57526,38.64934,39.24195,39.16787,39.77900,39.87159,,40.55680,40.26050,40.42717,40.74199,40.89014,40.79755,40.76051,40.83459,41.01978,40.98274,41.26053,40.74199,41.16793,40.76051,40.83459,41.09385,40.89014,40.18642,40.61236,40.46421,39.94567,40.53828,40.24198,39.50121,39.42714,38.98268,38.77897,38.05672,37.24188,37.18633,36.16778,35.11219,35.05663,35.13071,34.51958,33.40843,32.92694,32.50100,31.79727,31.07503,30.44538,30.16759,29.51943,28.53791,27.44529,27.01935,26.44526,25.88968,25.16744,24.64891,23.85258,23.27849,22.77848,22.03771,21.14880
2007,Surry Hills 33_11kV,04OCT2006,MW,21.13028,20.66730,20.11173,20.27840,19.53764,19.29689,19.01910,18.87095,18.61168,18.59316,18.25982,18.05611,18.14871,18.03759,18.01907,18.14871,18.42649,18.44501,18.63020,18.94503,19.50060,19.64875,20.35248,21.29695,23.05626,24.13037,25.51930,27.51936,30.37130,31.77875,34.74181,35.74184,36.92706,38.13080,38.68637,38.98268,40.29753,40.27901,40.57532,40.07530,39.83456,40.35309,40.61236,40.16790,40.66792,40.77903,40.42717,40.98274,40.76051,41.40868,40.77903,40.64940,41.18645,41.59387,41.42720,41.27905,41.39016,41.14941,41.35312,41.16793,40.66792,40.55680,40.63088,40.24198,40.42717,39.92715,39.59381,38.64934,38.29747,37.76042,36.85298,36.44556,35.35294,35.24182,34.70477,34.59365,33.37140,33.11213,32.63063,32.07506,30.83428,30.63057,30.51946,29.48239,28.87126,28.38976,28.03790,27.51936,25.90820,25.64894,25.16744,24.33408,23.33405,22.83403,22.37106,21.85252
2007,Surry Hills 33_11kV,05OCT2006,MW,21.50066,21.01916,20.55619,20.18581,19.90802,19.98210,19.40800,18.94503,18.72280,18.90799,18.72280,18.68576,18.68576,18.50057,18.44501,18.63020,18.88947,18.96355,19.11170,19.24133,19.75987,19.92654,20.61174,21.79697,23.92666,25.07484,26.33414,28.57495,31.35281,32.72323,35.07515,36.20482,36.61224,38.20488,38.51970,39.03824,40.11234,40.33457,40.94570,40.89014,41.46424,41.48276,41.50127,41.85314,41.98277,42.14944,41.79758,42.16796,42.70502,42.70502,42.51982,42.92724,43.50134,43.26059,43.00132,42.51982,42.50131,42.64946,42.37167,42.46427,42.18648,42.51982,42.35315,42.05685,42.63094,41.83462,41.51979,40.92718,39.89011,38.87156,38.37155,37.74190,36.57520,36.39001,35.14923,34.83440,33.88993,33.83437,33.14917,32.37136,31.68616,30.64909,30.68613,30.00092,29.37127,28.48236,28.26013,27.66752,26.31562,25.68597,25.01929,24.48223,23.74147,23.44516,22.48217,22.22290
2007,Surry Hills 33_11kV,06OCT2006,MW,22.01919,21.35251,20.88953,20.46359,20.35248,19.79690,19.37097,19.40800,19.29689,19.18577,18.94503,18.83391,19.00058,18.94503,18.77835,18.81539,19.05614,18.83391,19.38948,19.50060,20.07469,20.20432,20.66730,22.35254,23.88962,24.57483,26.26007,28.26013,31.61208,32.50100,34.96404,35.76036,37.48263,37.87153,38.33451,38.85305,39.76048,39.85308,39.74196,39.66788,40.22346,40.50124,40.59384,40.79755,40.44569,40.70495,40.85311,41.00126,40.64940,40.42717,40.31605,40.33457,40.33457,40.39013,39.79752,40.22346,39.98271,39.66788,39.89011,39.57529,39.40862,38.94564,38.68637,39.01972,38.40859,38.59378,38.07524,37.48263,36.42704,36.74187,35.96407,35.13071,34.29735,33.63066,33.66770,32.48248,31.61208,31.42689,30.77872,30.24167,30.03796,29.35275,28.48236,28.26013,26.88971,26.70452,26.14895,25.90820,24.79706,24.20445,23.88962,23.96370,23.44516,23.07478,22.63032,22.46365
2007,Surry Hills 33_11kV,07OCT2006,MW,22.03771,21.46362,21.07472,20.66730,20.24136,20.01913,19.68579,19.31541,19.03762,19.00058,18.63020,18.66724,18.37093,18.57464,18.48205,18.40797,18.38945,18.27834,18.24130,18.37093,18.74132,18.68576,18.53761,18.96355,19.50060,19.92654,20.66730,21.37103,22.46365,23.00071,23.20442,24.66742,25.11188,25.09336,25.85265,26.35266,27.00083,27.46381,27.77863,28.16753,28.66755,28.64903,28.79718,29.13052,28.77866,29.05645,28.68607,29.07497,28.42680,28.94533,28.29717,28.37124,28.42680,28.18605,27.96382,27.83419,27.77863,27.83419,27.66752,27.14898,26.88971,26.85268,27.07491,26.48229,26.61193,27.11194,26.81564,26.77860,26.44526,26.61193,26.70452,27.35269,27.48233,28.05642,27.55640,27.87123,27.42677,27.13046,26.83416,26.53785,26.11191,26.13043,25.77857,25.40819,24.87113,24.68594,24.61187,24.14889,23.70443,23.22294,23.16738,22.79700,22.68588,22.25994,22.05623,21.68585
2007,Surry Hills 33_11kV,08OCT2006,MW,21.25991,21.01916,20.81545,20.40803,20.16729,19.64875,19.38948,19.03762,19.05614,18.79687,18.29686,18.50057,18.46353,18.55613,17.96351,18.01907,18.11167,17.96351,18.35242,18.18574,17.85240,17.98203,17.94500,18.16722,18.72280,18.64872,19.13022,19.35245,20.13025,20.72286,20.70434,21.44510,22.24142,22.90811,23.31553,23.83407,24.03778,24.90817,24.87113,25.20448,25.72301,25.68597,26.16747,26.48229,26.61193,26.51933,26.92675,26.72304,26.90823,26.53785,26.24155,26.20451,26.24155,25.87116,25.77857,25.37115,25.16744,24.90817,25.27855,25.11188,24.59335,24.68594,24.79706,24.98225,24.98225,25.16744,25.38967,25.35263,26.03784,25.96376,26.48229,26.85268,27.46381,27.44529,27.63048,27.70455,27.31565,26.83416,26.50081,26.13043,26.11191,25.98228,25.55634,24.72298,24.72298,24.66742,24.51927,23.57480,23.09330,22.66736,22.20439,21.96364,21.63029,21.38955,20.81545,20.51915
2007,Surry Hills 33_11kV,09OCT2006,MW,20.13025,19.75987,19.37097,19.14874,18.81539,18.50057,18.29686,18.01907,18.31538,17.68573,18.00055,17.53758,17.68573,17.40794,17.72277,17.68573,17.92648,17.75980,18.35242,18.85243,19.46356,19.72283,19.81542,21.29695,23.35257,23.70443,25.66745,27.16750,29.85277,31.35281,33.14917,35.26034,35.85295,37.05669,36.87150,37.81598,38.44563,38.74193,38.53822,38.72341,38.83453,39.31602,38.98268,39.63085,39.77900,39.70492,39.48269,39.57529,39.42714,39.90863,39.96419,39.81604,39.89011,39.87159,39.20491,39.33454,39.83456,39.55677,39.44566,38.96416,38.85305,39.07527,38.92712,39.27898,38.48266,38.85305,38.03821,38.40859,37.27892,36.46408,36.53816,35.33442,34.66773,34.76033,34.18624,33.88993,33.42695,32.24173,32.16765,31.88987,31.46393,30.64909,30.27871,29.42683,28.35272,28.05642,27.42677,26.63045,25.44523,25.03781,24.53779,23.88962,23.03774,22.74144,21.98216,21.40806
2007,Surry Hills 33_11kV,10OCT2006,MW,21.11176,20.44507,20.14877,20.00061,19.64875,19.18577,19.03762,18.64872,18.63020,18.42649,18.29686,18.07463,18.11167,18.07463,17.98203,17.96351,18.07463,18.38945,18.50057,18.94503,19.61171,19.77839,20.53767,22.03771,23.87110,24.42668,26.03784,28.03790,30.55649,32.03802,33.79733,35.01959,36.31593,37.24188,37.39004,37.26040,38.18636,38.87156,38.64934,38.74193,38.98268,39.20491,39.63085,39.74196,40.00123,39.64937,39.74196,40.16790,40.01975,40.33457,40.14938,40.18642,40.53828,39.98271,40.37161,40.42717,40.22346,40.18642,40.16790,40.18642,40.14938,40.16790,39.77900,39.83456,39.64937,39.26046,39.07527,38.29747,37.89005,36.85298,36.90854,36.11222,35.03811,34.94552,34.57514,34.40846,33.46399,32.98249,32.70471,32.31581,31.11207,30.74168,29.94536,29.87129,28.40828,28.07494,27.83419,26.77860,25.98228,24.98225,24.40816,24.03778,23.09330,22.70440,22.25994,21.61177
2007,Surry Hills 33_11kV,11OCT2006,MW,21.40806,20.66730,20.25988,20.05617,19.70431,19.24133,19.07466,18.96355,19.05614,18.79687,18.61168,18.29686,18.57464,18.59316,18.46353,18.38945,18.57464,18.61168,18.79687,19.24133,19.63023,19.92654,20.74138,21.81548,23.72295,24.98225,25.96376,28.05642,30.92688,32.59359,34.59365,35.79740,36.92706,38.07524,39.13083,39.18639,39.35306,39.79752,39.92715,40.01975,40.39013,40.18642,40.70495,40.57532,41.20497,41.03830,41.00126,41.63091,41.05682,41.35312,41.42720,41.01978,41.16793,41.29756,41.37164,41.27905,41.00126,41.37164,40.94570,41.27905,41.05682,40.92718,41.20497,40.81607,40.72347,39.98271,39.74196,39.18639,38.85305,38.20488,37.37152,36.79743,35.37146,35.16775,34.98256,33.83437,33.38991,33.11213,33.20472,32.53804,31.74172,31.14910,30.76020,29.76017,29.24164,28.44532,27.88975,27.07491,26.46378,25.83413,25.13040,24.37112,23.66739,23.05626,22.72292,22.05623
2007,Surry Hills 33_11kV,12OCT2006,MW,21.66733,21.25991,20.61174,20.44507,19.83394,19.27837,19.27837,19.03762,18.98206,18.57464,18.81539,18.33390,18.48205,18.57464,18.51909,18.46353,18.50057,18.66724,18.96355,19.40800,19.66727,19.98210,20.53767,21.79697,23.55628,24.50075,26.01932,28.27865,31.40837,33.03805,34.51958,36.53816,37.77894,38.46414,40.07530,40.20494,41.37164,41.29756,40.94570,41.57535,42.70502,42.87169,43.63097,43.64949,44.27914,44.14950,44.89027,44.96434,44.89027,44.48285,44.89027,44.94582,44.53840,44.57544,44.35321,44.39025,44.66804,44.24210,44.01987,44.79767,44.40877,44.05691,43.81616,43.61245,43.33466,43.26059,42.39019,42.16796,41.00126,39.98271,38.81601,38.33451,36.64927,35.61220,35.14923,35.03811,33.61214,33.48251,32.98249,32.20469,31.81579,31.18614,30.38982,29.79721,29.01941,28.33420,28.68607,27.37121,26.68600,26.16747,25.38967,24.83410,24.09333,23.35257,22.88959,22.77848
2007,Surry Hills 33_11kV,13OCT2006,MW,21.88956,21.64881,20.94509,20.64878,20.18581,19.87098,20.11173,19.50060,19.81542,19.50060,19.40800,19.05614,19.00058,19.01910,18.74132,19.13022,18.98206,19.05614,19.59319,19.94506,20.37100,20.38952,21.11176,22.79700,24.57483,25.51930,26.74156,29.07497,32.29729,34.16772,36.83446,38.83453,40.33457,41.51979,42.72353,43.83468,44.26062,44.26062,44.89027,45.59399,45.74215,46.14957,46.35328,46.92737,47.11256,47.87184,47.87184,48.26074,48.37186,48.48297,48.31630,48.70520,47.96444,48.83483,48.55705,48.14963,47.94592,47.72369,48.18666,47.70517,47.87184,47.44590,46.74218,46.68662,45.63103,45.74215,44.96434,44.05691,42.61242,40.90866,40.53828,39.20491,36.98262,37.00114,36.33445,35.96407,34.90848,34.24179,33.50103,32.68619,32.26025,31.88987,31.07503,30.85280,29.48239,29.14904,28.48236,28.07494,27.01935,26.77860,26.16747,25.92672,25.50078,25.01929,24.42668,23.75999
2007,Surry Hills 33_11kV,14OCT2006,MW,23.44516,22.70440,22.53773,21.98216,21.88956,21.63029,21.07472,20.72286,20.50063,20.27840,20.20432,19.96358,20.01913,19.85246,19.94506,19.98210,19.81542,19.88950,19.98210,19.90802,19.85246,19.57468,19.74135,20.11173,20.90805,21.75993,22.00068,23.53776,24.24149,25.26003,26.13043,27.38973,28.33420,28.53791,29.11201,29.77869,30.68613,,,,,,,,33.51955,33.53807,33.70474,33.51955,33.38991,32.96398,33.24176,33.13065,32.76027,33.09361,33.07509,32.61211,32.27877,32.29729,32.07506,32.14914,32.01950,31.42689,31.37133,31.20466,31.76023,31.09355,31.26022,30.59353,30.00092,29.90833,30.20463,29.98240,30.26019,30.57501,30.46390,30.35278,30.20463,29.92684,29.44535,28.83422,28.18605,28.07494,28.00086,27.31565,26.53785,26.09339,25.98228,25.59338,25.31559,25.05633,24.66742,24.31556,23.79703,23.59332,23.46368,23.37109
2007,Surry Hills 33_11kV,15OCT2006,MW,22.85255,22.55625,22.22290,21.64881,21.40806,20.94509,20.63026,20.74138,20.59323,19.81542,19.88950,19.74135,19.70431,19.59319,19.35245,19.77839,19.77839,19.98210,19.81542,20.07469,19.96358,19.20429,19.51912,20.03765,20.25988,20.37100,20.68582,20.72286,21.07472,21.75993,22.18587,22.74144,23.37109,24.35260,24.57483,24.92669,25.13040,25.44523,25.70449,25.76005,26.68600,26.53785,26.70452,27.14898,27.13046,26.90823,26.94527,27.68604,27.51936,27.33417,26.72304,26.98231,26.79712,26.77860,26.59341,26.57489,26.64897,26.57489,26.74156,26.53785,26.35266,25.90820,25.72301,25.92672,26.38970,26.37118,26.92675,26.63045,27.09342,27.18602,27.42677,27.72307,28.03790,27.88975,28.50088,28.07494,27.74159,27.40825,27.03787,26.57489,26.40822,25.94524,26.11191,25.68597,25.33411,24.94521,24.57483,24.05629,23.29701,22.98219,22.46365,22.24142,21.85252,21.63029,21.33399,21.00064
2007,Surry Hills 33_11kV,16OCT2006,MW,20.42655,20.07469,19.46356,19.16726,19.01910,19.01910,18.79687,18.66724,18.22278,18.20426,18.09315,18.18574,18.37093,18.18574,17.81536,18.14871,18.37093,18.63020,18.75984,18.96355,19.77839,20.22284,20.87101,22.01919,24.11185,25.37115,26.77860,28.74162,31.63060,32.96398,35.51961,37.03817,37.68634,39.40862,39.50121,40.79755,41.24201,41.37164,41.40868,41.48276,41.27905,41.50127,41.37164,42.03833,41.64943,41.76054,41.83462,41.72350,41.94573,41.77906,41.46424,41.87166,41.59387,40.55680,40.50124,41.76054,41.16793,41.31608,41.20497,40.90866,40.89014,40.64940,40.33457,40.40865,40.18642,40.26050,39.33454,39.61233,38.81601,38.29747,38.31599,37.50115,36.33445,35.68628,35.68628,34.98256,34.55662,33.83437,33.57511,32.85286,31.92691,31.18614,30.50094,30.22315,29.09349,28.29717,28.09346,27.35269,25.90820,25.61190,24.77854,24.35260,23.46368,22.59329,22.14883,22.00068
2007,Surry Hills 33_11kV,17OCT2006,MW,21.16732,20.90805,20.29692,20.05617,19.79690,19.46356,19.20429,19.11170,18.61168,18.66724,18.55613,18.44501,18.57464,18.16722,18.48205,18.40797,18.51909,18.68576,19.29689,19.50060,20.16729,20.51915,21.57474,22.68588,24.48223,25.37115,27.00083,28.87126,31.44541,33.24176,35.31590,36.98262,38.26043,38.89008,39.46417,39.77900,40.53828,41.14941,41.13089,41.00126,41.03830,41.46424,41.33460,41.85314,41.18645,41.96425,42.09389,42.37167,42.09389,42.13092,42.07537,41.57535,42.03833,41.90869,42.13092,42.16796,41.81610,41.74202,41.77906,41.96425,41.31608,41.55683,41.39016,41.22349,41.39016,41.33460,40.83459,40.94570,39.94567,40.07530,39.63085,39.11231,37.53819,36.85298,36.14926,36.22333,35.48257,35.26034,34.76033,34.07512,33.63066,32.13062,32.03802,30.70465,30.38982,29.83425,28.92681,28.48236,26.96379,26.00080,25.29707,24.83410,23.96370,23.77851,22.63032,21.90808
2007,Surry Hills 33_11kV,18OCT2006,MW,21.70437,21.16732,20.85249,20.85249,20.29692,20.09321,20.14877,19.61171,19.50060,19.59319,19.29689,18.92651,19.05614,18.83391,18.96355,19.01910,19.38948,19.46356,19.55616,20.00061,19.96358,20.72286,21.98216,23.07478,25.42671,26.35266,27.33417,29.53794,32.33433,34.31587,35.96407,37.61227,39.14935,40.24198,40.37161,41.07534,42.79761,43.00132,43.37170,44.31618,44.50137,45.20509,45.63103,45.76066,46.09401,45.66807,45.42732,45.07546,45.64955,46.03845,45.92734,45.74215,45.87178,45.89030,45.48288,45.98289,45.89030,45.61251,45.48288,45.13102,46.18660,46.26068,45.98289,45.87178,45.87178,45.59399,44.85323,45.35324,43.72356,43.57541,42.40871,41.31608,39.46417,39.92715,38.87156,38.26043,37.37152,37.40856,36.55668,36.20482,35.24182,,34.07512,33.11213,32.05654,31.22318,30.83428,30.20463,28.94533,27.90826,26.98231,26.59341,26.20451,25.46374,24.31556,23.96370
2007,Surry Hills 33_11kV,19OCT2006,MW,23.22294,22.64884,22.37106,22.14883,21.72289,21.35251,21.05620,20.70434,20.50063,20.37100,20.29692,19.98210,20.14877,19.98210,20.22284,19.72283,19.96358,20.24136,20.77842,20.64878,21.38955,21.79697,22.18587,23.77851,25.51930,26.61193,28.14901,30.63057,33.31584,34.61217,36.94558,39.31602,40.46421,41.68647,42.44575,43.55689,43.74208,44.74211,44.70508,45.22361,45.37176,45.55695,45.66807,45.81622,46.22364,45.96437,46.46439,46.74218,46.61254,46.29772,46.09401,46.37179,46.14957,45.98289,45.96437,46.09401,45.98289,45.87178,45.26065,45.66807,45.11250,44.89027,45.01990,44.42729,43.87172,43.74208,43.31615,42.46427,41.79758,41.00126,40.70495,39.66788,38.20488,37.53819,36.89002,36.59372,35.63072,35.11219,34.85292,34.00104,33.11213,32.98249,32.20469,31.72320,30.85280,29.90833,29.59350,28.59347,28.03790,26.61193,26.20451,25.76005,25.14892,24.72298,23.94518,23.59332
2007,Surry Hills 33_11kV,20OCT2006,MW,22.94515,22.68588,22.14883,21.77845,21.38955,21.24139,20.59323,20.48211,20.55619,20.31544,20.13025,19.94506,20.11173,20.14877,20.07469,20.00061,20.37100,20.42655,20.61174,21.01916,21.27843,21.90808,22.51921,23.70443,25.76005,26.94527,28.70459,29.94536,33.09361,35.16775,37.42708,39.18639,40.55680,40.70495,42.55686,43.09392,44.16802,44.63100,44.96434,45.09398,45.27917,45.83474,45.85326,46.81625,46.66810,46.83477,47.03848,47.39034,47.26071,46.94589,46.98292,46.94589,46.66810,45.87178,46.22364,46.07549,45.39028,45.16805,45.13102,45.40880,44.66804,43.72356,43.50134,43.55689,43.57541,43.39022,42.87169,42.07537,41.07534,40.63088,39.92715,38.70489,36.63075,36.40853,35.83443,35.44553,34.31587,33.07509,32.72323,32.68619,31.63060,31.00095,30.48242,30.20463,28.83422,28.38976,27.68604,26.87120,26.05636,25.85265,24.85262,24.68594,24.38964,23.88962,23.00071,22.90811
2007,Surry Hills 33_11kV,21OCT2006,MW,22.38958,21.88956,21.40806,21.14880,20.96361,20.33396,20.01913,19.77839,19.33393,19.24133,19.01910,19.05614,18.81539,18.79687,18.68576,18.70428,19.09318,18.61168,18.75984,18.75984,18.63020,18.98206,19.00058,19.25985,19.75987,19.88950,20.14877,21.25991,21.70437,22.51921,23.42665,23.94518,24.46371,25.53782,25.88968,26.14895,26.61193,26.79712,27.46381,27.87123,27.70455,28.13049,28.48236,28.74162,28.59347,28.53791,28.77866,28.79718,28.55643,28.92681,28.27865,28.48236,28.27865,28.09346,27.96382,27.64900,28.07494,28.11197,27.64900,27.35269,27.64900,27.64900,27.64900,27.72307,27.77863,27.70455,27.66752,27.94530,27.76011,28.00086,28.05642,28.27865,28.70459,28.74162,28.29717,28.27865,27.66752,27.66752,26.81564,26.83416,26.42674,26.09339,25.92672,25.87116,25.11188,24.68594,24.66742,24.33408,24.07481,23.44516,23.13034,23.14886,22.77848,22.38958,22.09327,21.77845
2007,Surry Hills 33_11kV,22OCT2006,MW,21.61177,21.22287,20.90805,20.31544,20.07469,19.64875,19.53764,19.29689,18.88947,18.81539,18.57464,18.42649,18.40797,18.42649,18.11167,18.27834,18.16722,18.24130,18.37093,18.20426,18.03759,18.09315,17.81536,18.37093,18.66724,18.94503,19.14874,19.57468,19.92654,20.33396,20.83397,21.27843,22.05623,22.29698,22.75996,22.81552,23.38961,24.05629,24.24149,24.61187,24.66742,25.38967,25.48226,25.59338,25.48226,25.37115,25.68597,25.76005,25.74153,25.57486,25.07484,25.63042,25.29707,25.26003,25.18596,25.18596,25.03781,25.26003,24.57483,24.88965,24.50075,24.35260,24.51927,24.40816,24.48223,24.85262,24.85262,25.33411,25.13040,25.44523,25.59338,25.74153,26.35266,27.16750,27.68604,27.61196,27.61196,27.29713,27.07491,26.76008,27.09342,26.03784,25.90820,25.59338,25.29707,24.85262,24.90817,24.22297,23.33405,23.18590,22.63032,22.46365,21.94512,21.31547,21.20435,
2007,Surry Hills 33_11kV,23OCT2006,MW,,,,,,,,,,,,,,,,,,,,,,,,,,,,,,,,,,,,,,,,,,,,,,,,,,,,,,,,,,,,,,,,,,,,,,,,,,,,,,,,,,,,,,,,,,,,,,,,
2007,Surry Hills 33_11kV,24OCT2006,MW,21.50066,20.64878,20.25988,19.85246,19.53764,19.53764,19.20429,19.14874,19.13022,18.68576,18.87095,18.29686,18.50057,18.55613,18.33390,18.40797,18.70428,18.85243,19.24133,19.35245,19.81542,20.35248,21.01916,22.33402,24.20445,25.20448,26.46378,28.66755,30.96391,33.74178,35.11219,36.57520,37.59375,39.00120,40.09382,39.92715,41.07534,41.09385,41.48276,41.90869,41.81610,42.18648,42.11240,41.63091,42.33463,42.42723,42.33463,42.31611,42.22352,42.72353,42.98280,43.11244,42.59390,42.70502,42.61242,42.63094,42.50131,42.79761,42.37167,42.68650,42.51982,42.24204,42.20500,42.03833,42.09389,42.01981,41.29756,40.68643,39.89011,39.22343,38.57526,37.33448,35.72332,36.26037,35.79740,35.83443,34.94552,34.38994,34.33439,33.76030,32.77878,32.37136,31.38985,30.66761,29.59350,29.07497,28.46384,27.68604,26.22303,25.79709,24.70446,24.26000,23.77851,23.01923,22.53773,21.98216
2007,Surry Hills 33_11kV,25OCT2006,MW,21.79697,21.27843,20.57471,20.51915,20.29692,20.09321,19.68579,19.44504,19.31541,19.00058,19.07466,18.96355,18.92651,18.77835,18.88947,18.92651,19.18577,19.29689,19.20429,19.81542,19.66727,20.64878,21.33399,22.70440,24.57483,25.18596,26.85268,29.20460,32.46396,33.63066,35.44553,36.98262,37.94561,39.35306,40.24198,41.31608,,43.07540,43.07540,43.11244,43.27911,44.11247,43.55689,43.76060,44.24210,44.51989,44.46433,44.68656,44.27914,43.83468,44.11247,44.27914,44.68656,44.55692,44.05691,44.22358,44.11247,44.26062,44.01987,43.46430,43.18651,43.81616,42.72353,42.92724,42.51982,42.72353,42.18648,41.90869,41.03830,40.42717,39.76048,38.64934,37.09373,37.03817,36.74187,36.24185,36.39001,35.20478,35.13071,34.20475,33.83437,32.70471,31.76023,31.16762,29.90833,29.42683,28.79718,28.22309,27.11194,26.31562,25.90820,25.11188,24.03778,23.70443,23.14886,22.35254
2007,Surry Hills 33_11kV,26OCT2006,MW,21.64881,21.20435,20.94509,20.46359,20.11173,19.85246,19.50060,19.25985,19.37097,18.98206,18.94503,18.70428,18.64872,18.70428,18.70428,18.48205,18.94503,19.09318,19.13022,19.66727,20.20432,20.51915,21.24139,22.79700,24.20445,25.03781,26.92675,29.11201,31.44541,33.05657,34.90848,36.27889,37.68634,38.16784,39.00120,39.64937,39.98271,40.22346,39.92715,40.55680,40.79755,41.03830,41.42720,41.33460,41.79758,41.35312,41.27905,41.16793,41.22349,40.98274,41.18645,41.33460,41.40868,41.14941,40.94570,41.46424,41.16793,41.11237,40.89014,40.83459,40.37161,40.64940,40.50124,40.39013,40.03827,39.96419,39.79752,39.46417,38.44563,38.20488,37.77894,36.77891,35.20478,35.57517,35.33442,34.61217,33.70474,33.07509,33.00101,32.33433,31.55652,31.01947,30.63057,30.03796,29.29720,28.40828,28.14901,27.13046,26.38970,25.87116,24.94521,24.38964,23.85258,23.53776,22.57477,22.07475
2007,Surry Hills 33_11kV,27OCT2006,MW,21.68585,21.27843,20.75990,20.40803,20.27840,20.31544,19.61171,19.35245,19.27837,19.03762,19.11170,18.70428,18.92651,18.75984,18.75984,18.72280,18.98206,18.81539,19.35245,19.48208,20.01913,20.46359,21.09324,22.63032,23.88962,25.18596,26.37118,28.51939,31.37133,33.24176,35.11219,36.24185,37.98265,39.00120,39.81604,40.18642,40.94570,41.24201,41.09385,42.11240,42.22352,42.96428,43.31615,43.70505,44.16802,44.29766,44.81619,44.74211,44.79767,44.29766,44.63100,44.50137,44.66804,44.33469,44.31618,45.33473,44.94582,44.85323,44.72360,44.68656,44.27914,44.13098,43.77912,43.24207,43.42726,42.68650,42.27908,40.48272,40.37161,38.98268,38.40859,37.35300,35.22330,34.68625,34.53810,34.37143,32.96398,32.87138,32.00098,31.42689,31.14910,30.68613,29.94536,28.77866,28.09346,27.20454,26.83416,26.51933,25.66745,24.74150,24.59335,24.24149,23.53776,23.13034,22.37106,22.40810
2007,Surry Hills 33_11kV,28OCT2006,MW,21.70437,21.57474,20.94509,20.70434,20.44507,19.81542,19.55616,19.44504,19.25985,18.85243,18.87095,18.66724,18.64872,18.33390,18.37093,18.35242,18.40797,18.42649,18.50057,18.00055,18.01907,18.29686,18.55613,19.31541,19.24133,19.66727,20.48211,21.44510,22.05623,22.68588,23.81555,24.33408,25.00077,25.66745,25.88968,26.33414,27.26010,27.79715,27.51936,27.79715,28.42680,28.22309,28.40828,28.51939,28.63051,28.64903,28.85274,28.96385,29.14904,28.40828,28.07494,28.44532,28.42680,27.85271,27.61196,27.68604,27.77863,27.63048,27.38973,27.27862,26.79712,26.72304,26.48229,26.61193,26.57489,26.38970,26.72304,26.40822,26.29710,26.16747,26.50081,26.66749,26.61193,27.16750,27.72307,27.92678,27.01935,27.22306,27.00083,26.55637,26.44526,25.74153,25.40819,25.20448,24.76002,24.48223,24.35260,23.79703,23.38961,23.61184,22.94515,22.87107,22.27846,22.57477,21.57474,21.31547
2007,Surry Hills 33_11kV,29OCT2006,MW,21.18584,20.31544,19.68579,19.44504,19.09318,18.63020,18.22278,18.07463,18.16722,17.88944,17.90796,17.64869,17.53758,,,,,17.50054,17.24127,17.33387,17.13016,17.90796,18.40797,18.22278,18.33390,18.83391,18.37093,18.81539,19.27837,19.13022,19.74135,20.40803,20.59323,21.14880,21.55622,22.24142,22.77848,23.14886,23.46368,24.09333,24.40816,24.83410,25.09336,24.53779,25.18596,25.40819,25.42671,25.57486,25.77857,25.70449,25.63042,25.24152,25.42671,25.74153,25.72301,25.59338,25.40819,25.27855,25.77857,24.96373,24.94521,25.01929,25.14892,24.92669,24.79706,25.05633,24.88965,24.61187,24.88965,24.96373,25.16744,24.96373,25.05633,25.31559,25.94524,26.31562,26.09339,26.50081,27.29713,27.31565,27.38973,27.26010,27.01935,26.68600,25.85265,26.01932,25.24152,24.98225,24.50075,24.07481,23.55628,22.72292,22.55625,21.96364,21.70437,21.29695
2007,Surry Hills 33_11kV,30OCT2006,MW,21.16732,20.55619,20.38952,19.79690,19.83394,19.57468,19.31541,18.77835,18.74132,18.48205,18.31538,18.00055,18.13019,18.09315,18.16722,18.14871,18.09315,18.31538,18.22278,18.74132,19.24133,20.44507,20.51915,21.25991,22.05623,22.90811,24.29704,25.57486,28.64903,30.61205,32.24173,34.03808,36.01962,36.51964,37.81598,38.07524,39.33454,39.07527,39.74196,39.90863,39.83456,40.81607,41.20497,40.74199,41.31608,41.61239,41.66795,41.96425,41.76054,41.64943,42.13092,42.63094,42.18648,42.03833,42.37167,42.66798,42.48279,42.29760,42.79761,42.46427,42.29760,42.22352,42.09389,42.03833,41.83462,42.20500,40.87163,40.39013,40.05679,39.74196,38.92712,37.72338,35.92703,35.42701,35.13071,34.72329,33.53807,33.55659,34.24179,33.51955,33.44547,32.59359,31.85283,31.33430,30.48242,29.88981,29.18608,28.48236,27.09342,26.37118,25.48226,24.83410,24.01926,23.48220,22.83403,22.48217
2007,Surry Hills 33_11kV,31OCT2006,MW,21.90808,21.16732,20.92657,20.72286,20.42655,20.09321,20.05617,19.70431,19.51912,19.29689,19.18577,19.00058,19.09318,18.88947,19.05614,18.75984,19.03762,19.33393,19.57468,19.87098,20.64878,20.66730,21.57474,22.11179,23.37109,23.90814,25.77857,27.38973,30.59353,32.20469,34.31587,35.66776,37.55671,38.90860,40.00123,41.59387,42.03833,42.92724,43.31615,43.16799,43.64949,44.00135,44.00135,44.20506,44.57544,44.89027,44.64952,45.26065,45.27917,45.26065,44.89027,44.61248,44.77915,45.11250,45.35324,45.07546,45.70511,45.83474,45.20509,45.31621,44.94582,45.07546,44.85323,44.68656,44.74211,45.13102,44.64952,43.13095,42.46427,41.79758,41.26053,40.22346,38.00117,37.53819,36.50112,36.13074,34.83440,35.37146,35.35294,35.53813,34.22327,33.27880,32.85286,32.42692,31.18614,30.59353,30.26019,29.00089,28.03790,27.03787,26.24155,25.42671,24.77854,24.51927,23.63036,23.13034
2007,Surry Hills 33_11kV,01NOV2006,MW,22.38958,21.88956,21.51918,21.37103,21.03768,20.96361,20.53767,20.24136,19.90802,20.14877,19.55616,19.46356,19.16726,19.29689,19.09318,19.13022,19.59319,19.51912,19.57468,19.94506,21.01916,21.51918,22.01919,22.66736,23.94518,24.92669,26.76008,28.20457,31.55652,33.07509,34.76033,37.03817,38.31599,40.26050,41.72350,42.26056,43.87172,43.53837,44.07543,44.44581,44.44581,44.68656,45.70511,45.05694,45.89030,45.90882,45.51992,46.01993,46.09401,45.79770,45.94586,45.94586,45.48288,46.03845,46.26068,46.14957,46.27920,,46.03845,45.35324,45.26065,45.13102,45.64955,45.14953,45.00138,44.40877,43.83468,43.81616,42.26056,42.07537,41.40868,39.70492,38.18636,37.31596,36.79743,35.96407,35.63072,35.20478,35.61220,35.66776,34.79736,33.79733,33.50103,32.44544,30.96391,30.81576,30.22315,29.29720,28.51939,27.81567,26.90823,26.09339,25.05633,24.13037,23.75999,23.00071
2007,Surry Hills 33_11kV,02NOV2006,MW,22.85255,21.81548,21.50066,21.11176,21.11176,20.77842,20.53767,20.37100,20.53767,20.24136,20.24136,19.88950,19.61171,19.70431,19.14874,19.27837,19.63023,19.79690,20.09321,20.37100,20.94509,21.59326,22.00068,22.75996,24.50075,25.46374,27.01935,28.31568,32.13062,33.03805,35.03811,36.85298,38.51970,40.68643,41.63091,42.46427,43.59393,44.79767,45.35324,45.51992,45.68659,46.44587,46.70514,46.81625,47.07552,47.76073,46.87181,47.64961,47.74221,47.85332,47.42738,47.51998,47.63109,47.66813,47.16812,47.07552,47.22367,47.27923,46.77921,46.76070,46.03845,45.79770,45.98289,45.74215,45.31621,44.66804,44.70508,44.20506,42.98280,42.53834,41.96425,40.77903,39.68640,38.37155,37.92709,38.00117,36.57520,35.94555,36.66779,35.68628,34.63069,34.61217,33.37140,32.64915,31.85283,30.68613,30.87132,29.61202,28.98237,27.72307,27.03787,26.27858,25.68597,25.07484,24.11185,23.81555
2007,Surry Hills 33_11kV,03NOV2006,MW,23.16738,22.57477,22.14883,22.35254,21.75993,21.50066,21.33399,21.01916,20.94509,20.70434,20.63026,20.31544,20.00061,20.22284,20.14877,19.94506,20.13025,20.22284,20.75990,21.25991,21.96364,22.63032,22.83403,23.72295,25.48226,26.63045,27.96382,30.14907,33.22324,34.90848,36.44556,38.77897,40.37161,40.96422,42.01981,42.57538,44.16802,44.14950,44.72360,44.70508,44.92731,45.14953,45.85326,45.51992,45.09398,45.00138,45.85326,45.39028,45.37176,45.35324,45.40880,45.14953,45.63103,45.57547,45.11250,45.94586,45.63103,45.01990,44.70508,44.96434,43.83468,43.31615,43.44578,42.63094,42.07537,41.61239,41.64943,41.11237,40.07530,39.07527,38.83453,37.61227,35.40849,35.27886,34.37143,34.27883,33.31584,32.81582,33.01953,32.40840,32.24173,31.61208,30.53797,29.59350,28.92681,28.77866,28.01938,27.53788,26.46378,25.98228,25.50078,24.92669,24.57483,23.92666,23.35257,23.11182
2007,Surry Hills 33_11kV,04NOV2006,MW,22.51921,22.22290,21.72289,21.68585,21.50066,21.24139,20.75990,20.61174,20.18581,19.88950,19.98210,19.33393,19.31541,19.46356,19.16726,19.11170,19.42652,19.11170,19.20429,19.25985,19.44504,19.48208,19.63023,20.14877,20.37100,20.51915,20.87101,21.51918,22.50069,23.14886,23.72295,24.76002,26.26007,26.51933,27.03787,27.46381,27.98234,27.98234,28.92681,29.09349,29.74165,29.72314,29.59350,29.57498,30.14907,30.22315,30.51946,29.83425,30.42686,30.31575,30.09352,30.14907,30.13055,29.68610,29.50091,29.61202,29.50091,29.16756,29.53794,28.92681,28.83422,28.50088,28.24161,28.07494,27.92678,28.16753,28.42680,28.01938,27.79715,27.59344,27.74159,27.31565,27.00083,27.07491,27.03787,27.46381,27.51936,27.22306,27.59344,27.40825,27.27862,26.66749,26.64897,26.31562,25.79709,25.24152,24.94521,25.11188,24.50075,24.03778,23.96370,23.46368,23.16738,22.92663,22.87107,22.37106
2007,Surry Hills 33_11kV,05NOV2006,MW,22.09327,21.87104,21.42658,21.03768,21.01916,20.38952,20.01913,20.01913,19.79690,19.53764,19.35245,19.27837,19.00058,18.96355,18.70428,18.83391,18.79687,18.72280,18.63020,18.59316,18.87095,18.90799,18.81539,19.48208,19.63023,19.33393,19.64875,19.85246,19.94506,20.25988,20.64878,21.14880,22.05623,22.05623,22.42661,23.20442,24.00074,24.76002,25.07484,25.38967,26.14895,25.88968,26.77860,26.27858,26.79712,26.79712,26.94527,26.81564,26.98231,26.85268,26.85268,26.72304,26.63045,26.59341,26.14895,26.61193,26.37118,26.26007,26.11191,26.35266,26.13043,26.33414,26.68600,26.51933,26.40822,26.37118,26.57489,26.90823,26.66749,27.07491,27.03787,27.50084,27.20454,27.74159,28.07494,28.16753,28.42680,28.44532,28.38976,28.14901,28.01938,27.74159,27.27862,26.94527,26.48229,26.24155,25.55634,25.48226,24.77854,24.05629,23.77851,23.33405,22.98219,22.75996,22.29698,21.87104
2007,Surry Hills 33_11kV,06NOV2006,MW,21.25991,21.03768,20.70434,20.03765,20.25988,19.92654,19.68579,19.55616,19.33393,19.22281,19.14874,18.90799,18.64872,18.85243,18.70428,19.05614,19.03762,19.22281,19.13022,19.48208,20.31544,21.07472,21.25991,22.03771,23.92666,24.74150,26.11191,28.11197,31.11207,32.77878,34.66773,35.74184,37.70486,38.92712,39.57529,40.33457,40.90866,41.46424,41.55683,42.01981,41.59387,41.92721,41.98277,41.87166,42.64946,42.20500,42.72353,42.64946,42.46427,42.51982,42.77909,43.29763,43.01984,42.48279,42.40871,42.33463,43.05688,42.79761,42.87169,42.29760,42.22352,42.37167,42.05685,41.72350,41.42720,41.09385,41.20497,40.29753,40.03827,39.22343,38.40859,37.26040,35.68628,34.94552,34.33439,34.29735,34.18624,33.76030,34.11216,33.96401,33.00101,32.68619,31.94543,31.20466,30.16759,29.37127,28.88978,28.40828,27.38973,26.46378,25.53782,24.85262,24.18593,23.59332,23.05626,22.38958
2007,Surry Hills 33_11kV,07NOV2006,MW,21.85252,21.33399,20.94509,20.94509,20.70434,20.53767,20.07469,19.88950,19.87098,19.68579,19.40800,19.31541,19.01910,19.24133,19.14874,18.72280,18.87095,19.13022,19.50060,19.53764,20.48211,20.96361,21.03768,22.11179,23.70443,24.74150,26.33414,27.72307,31.00095,33.07509,34.79736,35.81591,37.40856,38.14932,39.13083,39.94567,40.83459,40.87163,40.77903,41.42720,41.90869,41.90869,41.59387,41.13089,41.70498,42.31611,42.09389,42.44575,42.14944,42.59390,42.20500,42.39019,41.79758,41.68647,41.68647,41.83462,42.14944,41.87166,41.72350,41.35312,40.77903,40.90866,41.22349,41.87166,40.51976,40.76051,39.79752,39.74196,38.87156,38.64934,37.22337,37.33448,35.14923,35.14923,34.33439,34.18624,34.22327,33.76030,34.01956,33.03805,32.42692,31.92691,31.48245,30.46390,29.48239,29.11201,28.31568,27.76011,26.70452,26.22303,25.63042,25.00077,23.85258,23.24145,22.66736,22.31550
2007,Surry Hills 33_11kV,08NOV2006,MW,21.55622,21.33399,21.16732,20.81545,20.74138,20.46359,20.25988,19.92654,19.83394,19.79690,19.72283,19.01910,19.14874,19.03762,19.03762,19.37097,19.51912,19.22281,19.59319,19.77839,20.33396,20.87101,21.68585,22.48217,24.00074,25.27855,26.29710,28.05642,30.74168,33.50103,34.31587,36.26037,37.70486,38.72341,39.18639,39.63085,40.51976,40.13086,40.20494,40.55680,40.79755,40.76051,40.92718,41.48276,41.46424,41.89018,42.16796,42.35315,42.16796,42.61242,41.66795,42.22352,42.16796,41.89018,41.53831,41.68647,41.27905,42.01981,41.26053,41.20497,41.59387,41.55683,41.01978,40.74199,40.85311,40.26050,39.89011,39.01972,38.90860,38.77897,37.77894,37.01966,35.50109,34.92700,33.98253,34.05660,33.22324,33.18620,33.92697,33.42695,33.11213,32.72323,32.01950,31.35281,30.07500,29.70462,29.35275,28.33420,27.57492,26.63045,26.29710,25.26003,24.51927,23.68591,23.24145,22.37106
2007,Surry Hills 33_11kV,09NOV2006,MW,22.07475,21.38955,21.37103,20.88953,20.94509,20.55619,20.16729,20.20432,18.55613,18.37093,18.22278,17.68573,17.90796,17.72277,17.64869,19.14874,19.13022,19.24133,19.53764,19.64875,20.33396,20.98213,21.53770,22.29698,23.59332,24.74150,25.94524,28.37124,30.48242,31.81579,33.90845,34.98256,36.57520,38.05672,38.00117,39.31602,39.63085,39.94567,40.63088,40.46421,40.66792,40.96422,40.51976,40.63088,41.39016,41.31608,40.90866,41.79758,42.13092,41.74202,41.63091,41.42720,41.27905,41.29756,41.11237,41.24201,41.57535,40.98274,40.44569,41.51979,41.14941,41.00126,41.22349,40.66792,40.66792,40.07530,40.09382,39.59381,39.11231,38.14932,37.66782,36.61224,34.98256,33.96401,33.59362,32.70471,32.61211,33.20472,33.05657,32.22321,31.77875,31.38985,30.92688,30.37130,29.74165,29.33423,28.74162,27.79715,26.85268,26.18599,25.74153,25.00077,24.22297,23.55628,22.98219,22.75996
2007,Surry Hills 33_11kV,10NOV2006,MW,22.14883,19.94506,20.87101,21.13028,20.85249,20.68582,20.20432,20.00061,19.85246,18.40797,19.11170,19.22281,19.22281,18.07463,19.07466,19.46356,19.48208,19.53764,19.55616,19.46356,20.29692,20.75990,21.51918,22.42661,23.64887,24.37112,26.05636,27.94530,30.59353,31.98246,34.01956,35.37146,36.74187,38.00117,38.48266,39.22343,40.16790,40.31605,40.83459,41.35312,42.03833,41.85314,41.50127,41.89018,42.09389,42.44575,42.35315,42.18648,42.37167,42.42723,42.72353,42.22352,41.98277,41.87166,41.96425,42.40871,42.72353,42.05685,42.09389,41.92721,42.27908,42.01981,41.87166,40.61236,40.72347,40.24198,39.51973,39.66788,38.98268,38.44563,37.64930,36.98262,34.72329,34.07512,33.44547,33.16769,32.51952,32.61211,32.72323,32.38988,31.40837,31.20466,30.57501,30.22315,29.40831,29.01941,28.37124,27.66752,26.76008,26.24155,25.76005,25.05633,24.46371,24.05629,23.74147,23.44516
2007,Surry Hills 33_11kV,11NOV2006,MW,22.75996,22.35254,21.68585,21.55622,21.59326,20.98213,20.53767,20.35248,20.18581,19.85246,19.70431,19.25985,19.11170,19.31541,19.09318,19.18577,18.98206,18.79687,18.70428,18.79687,19.20429,19.09318,19.20429,19.07466,19.64875,20.16729,20.66730,20.92657,22.09327,22.61181,23.90814,24.77854,25.18596,26.13043,26.81564,27.63048,28.53791,29.14904,29.16756,29.81573,30.35278,30.63057,31.29726,30.96391,31.22318,31.83431,31.98246,32.00098,31.57504,31.40837,31.57504,31.31578,30.90836,30.87132,30.94539,30.57501,30.46390,30.14907,30.44538,29.87129,29.64906,30.16759,29.51943,29.55646,29.14904,29.66758,29.38979,29.33423,28.48236,28.55643,28.57495,28.79718,28.13049,27.85271,27.79715,27.92678,27.40825,27.92678,28.38976,28.11197,27.76011,27.57492,27.24158,26.83416,26.40822,26.24155,25.68597,25.74153,25.16744,24.72298,24.51927,23.98222,24.05629,23.53776,23.24145,22.92663
2007,Surry Hills 33_11kV,12NOV2006,MW,22.53773,21.92660,22.07475,21.42658,21.64881,21.00064,20.79693,20.37100,20.13025,19.83394,19.57468,19.46356,19.27837,19.27837,19.05614,19.03762,19.20429,19.53764,19.14874,19.40800,19.05614,19.29689,19.16726,19.59319,19.81542,19.87098,20.07469,20.29692,20.61174,20.79693,21.38955,22.09327,22.31550,23.09330,23.88962,24.24149,25.07484,25.64894,26.07487,26.76008,26.94527,27.74159,27.94530,28.03790,28.13049,28.77866,28.68607,28.87126,28.74162,28.55643,28.37124,27.96382,27.64900,27.81567,28.03790,27.40825,27.53788,27.37121,27.48233,27.42677,27.22306,27.00083,26.90823,27.29713,26.81564,27.18602,26.77860,26.74156,26.70452,26.88971,26.76008,27.46381,27.35269,27.63048,27.70455,28.22309,27.33417,28.16753,28.79718,28.96385,28.68607,28.51939,28.18605,27.77863,27.53788,27.16750,27.07491,26.50081,26.20451,25.63042,25.46374,25.00077,24.14889,24.26000,23.87110,23.42665
2007,Surry Hills 33_11kV,13NOV2006,MW,22.85255,22.25994,21.94512,21.55622,21.38955,21.20435,20.79693,20.83397,20.70434,20.27840,20.11173,20.07469,20.00061,20.00061,20.09321,20.13025,20.50063,20.64878,20.79693,21.14880,21.77845,22.05623,22.64884,23.42665,25.13040,26.76008,28.53791,30.13055,33.61214,35.11219,37.70486,40.35309,42.16796,43.33466,44.77915,44.74211,46.22364,46.76070,47.76073,47.61257,47.85332,47.90888,47.74221,47.94592,47.24219,47.40886,47.50146,46.81625,46.77921,46.39031,46.61254,46.39031,45.05694,45.63103,45.33473,45.76066,46.22364,46.63106,46.55699,46.55699,46.29772,46.64958,46.35328,46.26068,45.63103,45.16805,44.11247,44.14950,43.24207,42.50131,41.68647,40.90866,38.11228,37.70486,36.55668,36.46408,35.35294,35.50109,35.46405,35.13071,34.40846,33.74178,33.46399,32.59359,31.53801,30.44538,29.87129,29.03793,27.51936,26.76008,26.22303,25.42671,24.61187,23.90814,23.29701,22.83403
2007,Surry Hills 33_11kV,14NOV2006,MW,22.70440,22.05623,21.64881,21.61177,21.29695,21.09324,20.79693,20.55619,20.14877,19.90802,19.85246,19.42652,19.37097,19.38948,19.27837,19.27837,19.33393,19.31541,19.68579,19.74135,20.61174,20.96361,21.03768,22.14883,23.59332,24.61187,26.20451,28.53791,31.03799,33.07509,34.79736,36.31593,38.16784,39.85308,40.81607,41.39016,42.29760,42.66798,43.51986,43.18651,43.59393,43.63097,43.00132,43.48282,44.26062,44.35321,44.57544,44.14950,44.87175,44.39025,44.18654,44.83471,44.59396,43.79764,43.76060,44.00135,44.22358,44.18654,43.59393,43.66801,43.39022,43.96431,43.76060,43.63097,43.50134,42.55686,42.83465,42.16796,41.48276,41.18645,40.35309,39.50121,37.59375,37.05669,36.09370,35.61220,34.66773,34.48254,34.42698,34.38994,33.55659,33.27880,32.51952,31.83431,30.70465,30.37130,29.29720,28.98237,27.87123,26.90823,25.87116,25.11188,24.38964,23.79703,23.31553,22.66736
2007,Surry Hills 33_11kV,15NOV2006,MW,22.07475,21.88956,21.40806,21.22287,21.22287,20.92657,20.59323,20.37100,20.03765,20.00061,19.59319,19.63023,19.25985,19.46356,19.05614,19.07466,19.31541,19.31541,19.64875,20.13025,20.44507,21.13028,21.22287,22.31550,24.09333,24.92669,26.55637,28.48236,31.81579,33.00101,35.20478,37.77894,38.94564,39.90863,41.53831,41.26053,42.68650,43.00132,43.46430,44.29766,44.31618,44.55692,44.57544,44.83471,44.89027,45.27917,45.39028,45.76066,45.72363,45.42732,44.96434,44.72360,44.61248,44.85323,44.40877,43.92727,44.14950,44.40877,42.90873,43.24207,43.16799,43.13095,42.85317,42.70502,42.13092,42.07537,41.70498,40.66792,40.18642,39.42714,39.00120,37.18633,35.37146,34.92700,34.14920,33.85289,33.11213,32.87138,33.26028,33.29732,32.29729,31.63060,31.31578,30.20463,29.33423,28.64903,28.31568,27.48233,26.50081,25.53782,24.90817,24.24149,23.61184,23.07478,22.53773,22.29698
2007,Surry Hills 33_11kV,16NOV2006,MW,21.64881,21.18584,20.85249,20.59323,20.53767,20.40803,19.92654,19.61171,19.57468,19.50060,19.18577,18.96355,18.77835,18.72280,18.57464,18.79687,18.94503,18.94503,18.98206,19.37097,20.05617,20.53767,20.75990,21.94512,23.42665,24.26000,25.83413,27.37121,30.18611,31.57504,33.57511,34.92700,36.44556,37.09373,37.76042,38.63082,39.07527,39.63085,39.72344,39.16787,39.35306,39.35306,39.72344,40.18642,40.70495,40.76051,40.98274,41.11237,40.72347,40.89014,41.09385,40.68643,40.98274,41.26053,40.92718,40.59384,40.51976,40.63088,40.16790,39.94567,40.48272,40.50124,40.14938,40.14938,39.57529,39.27898,39.11231,38.85305,38.09376,37.57523,37.31596,36.27889,34.20475,33.98253,33.37140,32.53804,32.03802,32.14914,32.27877,32.35285,32.35285,31.77875,31.59356,30.18611,29.79721,29.44535,28.57495,28.07494,26.81564,26.55637,25.83413,24.68594,23.92666,23.37109,22.87107,22.74144
2007,Surry Hills 33_11kV,17NOV2006,MW,22.16735,21.88956,21.68585,21.33399,20.92657,20.87101,20.53767,20.37100,20.00061,19.63023,19.61171,19.48208,19.22281,19.03762,18.96355,19.14874,19.22281,19.14874,19.51912,19.90802,20.77842,21.09324,21.44510,22.11179,23.70443,24.72298,25.92672,27.59344,30.38982,31.40837,33.88993,35.03811,37.26040,37.74190,38.26043,39.20491,39.53825,39.87159,39.74196,40.07530,40.18642,40.18642,40.29753,40.53828,40.22346,40.33457,40.46421,40.44569,40.42717,41.03830,40.40865,40.77903,40.59384,40.35309,40.16790,40.46421,40.29753,40.94570,40.37161,40.55680,40.24198,39.98271,39.57529,39.51973,39.61233,39.50121,38.63082,38.31599,38.16784,37.79746,36.27889,35.88999,33.88993,33.31584,32.26025,31.87135,31.51949,31.16762,30.92688,30.77872,30.38982,29.92684,29.51943,28.70459,28.26013,27.64900,27.07491,26.79712,25.76005,25.42671,25.09336,24.29704,24.24149,23.85258,23.48220,22.98219
2007,Surry Hills 33_11kV,18NOV2006,MW,22.46365,22.07475,21.70437,21.25991,21.05620,20.85249,20.77842,20.29692,20.09321,19.64875,19.57468,19.48208,19.18577,19.01910,19.07466,19.14874,19.09318,18.85243,18.53761,18.75984,18.88947,19.11170,19.01910,19.11170,19.50060,19.70431,20.33396,21.01916,21.50066,22.13031,22.66736,23.96370,24.81558,25.46374,25.92672,26.90823,26.61193,27.37121,28.03790,28.48236,28.70459,29.00089,29.18608,29.00089,29.14904,29.35275,28.70459,29.18608,28.77866,28.83422,28.85274,28.44532,28.26013,28.31568,28.22309,28.42680,28.27865,28.07494,27.98234,27.57492,27.48233,27.57492,27.63048,27.40825,27.70455,27.27862,27.18602,27.40825,27.14898,26.79712,27.29713,26.85268,26.46378,26.76008,26.77860,26.48229,26.48229,26.50081,26.90823,27.40825,26.72304,26.77860,26.55637,26.59341,25.94524,25.76005,25.14892,25.16744,24.55631,24.29704,24.01926,23.83407,23.46368,23.25997,22.79700,22.50069
2007,Surry Hills 33_11kV,19NOV2006,MW,22.24142,21.87104,21.38955,21.18584,21.01916,20.85249,20.18581,20.18581,19.90802,19.63023,19.53764,19.50060,19.22281,19.24133,18.92651,18.88947,18.96355,18.92651,19.00058,19.00058,18.88947,18.96355,18.79687,18.96355,19.16726,19.66727,19.66727,19.94506,20.87101,20.72286,21.09324,22.16735,22.29698,23.00071,23.50072,24.14889,24.35260,25.18596,25.37115,26.20451,26.63045,26.46378,26.87120,27.01935,27.13046,27.51936,27.33417,27.16750,27.26010,26.98231,27.18602,27.00083,26.68600,26.88971,26.29710,26.38970,26.66749,26.13043,26.24155,26.05636,26.48229,26.13043,26.03784,26.24155,26.16747,26.79712,26.53785,26.66749,26.31562,26.11191,26.31562,26.37118,26.22303,26.70452,26.51933,26.33414,26.53785,26.64897,26.85268,27.33417,27.16750,27.50084,27.03787,26.96379,26.26007,25.87116,26.09339,25.35263,24.83410,24.74150,24.00074,23.40813,22.85255,22.33402,20.70434,20.40803
2007,Surry Hills 33_11kV,20NOV2006,MW,20.40803,19.79690,19.51912,19.40800,19.48208,19.11170,18.83391,18.33390,18.68576,19.33393,18.88947,18.83391,19.31541,19.70431,19.31541,19.35245,19.25985,19.44504,19.74135,20.07469,20.79693,21.11176,21.57474,22.48217,23.94518,25.37115,26.83416,28.88978,31.18614,33.24176,35.33442,37.68634,39.53825,41.46424,42.55686,43.87172,44.98286,45.51992,47.07552,46.26068,46.64958,47.37183,47.44590,47.83480,48.33482,48.20518,47.96444,48.53853,48.44593,48.70520,48.46445,48.48297,48.39037,48.29778,47.96444,47.68665,47.66813,47.59405,47.22367,47.85332,47.55702,46.27920,47.35331,47.42738,47.29775,46.11253,45.51992,45.14953,43.98283,42.72353,42.64946,40.09382,38.20488,37.81598,37.01966,36.70483,35.31590,35.53813,35.77888,35.74184,35.27886,34.09364,33.77882,32.92694,31.98246,30.64909,30.18611,29.40831,27.70455,27.18602,26.46378,25.92672,25.00077,24.31556,23.57480,21.74141
2007,Surry Hills 33_11kV,21NOV2006,MW,21.46362,21.25991,20.90805,20.63026,20.33396,20.07469,19.70431,21.09324,21.00064,20.77842,20.66730,20.40803,20.27840,20.38952,20.48211,20.51915,20.37100,20.38952,20.83397,21.70437,22.03771,22.31550,22.51921,23.57480,25.68597,26.46378,28.27865,29.57498,32.61211,35.09367,38.46414,40.05679,40.98274,42.81613,43.05688,44.40877,45.31621,45.94586,47.09404,48.01999,47.70517,48.50149,49.39041,49.44596,50.76082,50.57563,50.94601,50.44599,50.76082,50.64970,50.26080,50.20525,50.39044,50.26080,50.39044,50.13117,50.59415,50.33488,50.33488,50.07561,49.35337,49.81634,49.87190,49.94598,49.92746,49.40892,49.33485,48.64964,47.20515,46.74218,45.29769,44.31618,42.24204,40.35309,39.63085,39.16787,37.92709,37.40856,37.51967,37.33448,36.79743,35.77888,34.96404,34.44550,33.07509,32.63063,31.57504,31.29726,29.66758,28.87126,28.18605,27.42677,26.33414,25.83413,25.01929,24.48223
2007,Surry Hills 33_11kV,22NOV2006,MW,24.42668,23.92666,23.68591,23.16738,22.98219,22.50069,22.31550,22.27846,22.05623,21.77845,21.63029,21.57474,21.20435,21.61177,21.55622,21.66733,21.66733,21.74141,21.77845,22.35254,22.72292,23.53776,24.38964,25.16744,27.40825,27.96382,29.35275,32.14914,35.53813,38.03821,40.27901,42.35315,44.01987,44.74211,46.53847,47.46442,48.63112,48.77928,48.92743,49.70523,49.74227,50.00154,50.03857,50.68674,51.09416,51.22380,50.98305,50.85341,51.40899,51.48306,51.70529,52.33494,52.64977,52.76088,52.90903,52.96459,53.44609,53.14978,53.14978,52.77940,52.07567,52.27938,51.48306,52.52013,51.66825,51.77937,46.22364,48.03851,39.61233,43.37170,42.81613,41.89018,39.16787,38.07524,37.05669,36.53816,36.20482,36.11222,36.33445,35.77888,35.11219,34.46402,33.92697,33.07509,32.13062,31.33430,31.11207,30.38982,28.66755,28.22309,27.27862,26.40822,25.18596,25.09336,24.42668,24.01926
2007,Surry Hills 33_11kV,23NOV2006,MW,23.53776,22.40810,22.70440,21.96364,22.16735,21.64881,21.11176,21.14880,20.88953,20.96361,20.48211,20.24136,20.09321,20.18581,20.24136,20.29692,20.61174,20.59323,20.83397,21.00064,22.13031,22.09327,22.66736,23.24145,25.07484,26.27858,27.33417,29.98240,32.64915,34.50106,36.70483,38.68637,39.94567,42.16796,43.14947,44.26062,45.87178,45.96437,46.53847,46.07549,47.14960,47.42738,47.98296,47.92740,48.22370,48.09407,48.44593,48.79779,48.03851,48.74224,48.31630,47.76073,48.29778,48.59408,48.20518,47.89036,48.33482,48.46445,48.57557,48.13111,48.22370,47.63109,47.46442,47.64961,47.57554,46.66810,46.50143,45.72363,45.37176,44.26062,43.20503,41.59387,39.40862,38.42711,37.44559,37.29744,36.66779,36.39001,35.44553,35.88999,35.42701,34.44550,33.90845,33.51955,32.50100,31.46393,31.26022,30.44538,29.03793,28.22309,27.51936,26.53785,26.09339,25.72301,24.72298,24.16741
2007,Surry Hills 33_11kV,24NOV2006,MW,23.66739,23.14886,22.81552,22.46365,22.38958,22.05623,21.63029,21.70437,21.37103,21.29695,21.05620,20.61174,20.64878,20.51915,20.42655,20.53767,20.77842,20.75990,21.03768,21.24139,21.92660,22.72292,23.01923,23.25997,25.68597,26.57489,27.81567,29.98240,32.55656,35.07515,36.79743,38.83453,40.42717,40.72347,42.35315,43.24207,44.39025,44.39025,44.64952,45.00138,45.13102,45.26065,46.07549,46.13105,45.92734,45.51992,45.98289,45.92734,46.26068,46.00141,46.05697,45.29769,45.57547,45.51992,45.63103,45.66807,45.59399,45.70511,46.48291,45.92734,46.03845,45.68659,45.72363,45.53844,45.74215,44.50137,44.31618,44.29766,43.42726,42.39019,41.70498,39.98271,37.57523,35.77888,35.61220,34.79736,33.46399,33.38991,33.50103,33.20472,32.63063,32.24173,31.18614,30.79724,30.27871,29.38979,29.37127,28.63051,27.44529,26.88971,26.46378,26.13043,25.26003,25.07484,24.50075,24.18593
2007,Surry Hills 33_11kV,25NOV2006,MW,23.64887,23.13034,22.44513,22.33402,22.00068,21.77845,21.35251,21.01916,20.66730,20.57471,20.46359,20.13025,19.96358,20.16729,19.94506,20.40803,20.07469,20.03765,20.16729,20.09321,20.18581,20.31544,20.00061,20.35248,21.01916,21.03768,21.74141,22.59329,24.13037,24.53779,25.98228,26.53785,27.51936,28.13049,29.27868,29.61202,30.44538,31.05651,31.50097,31.24170,32.27877,32.40840,32.85286,33.22324,33.59362,33.40843,33.35288,33.40843,33.70474,33.31584,33.64918,33.37140,33.11213,32.90842,33.01953,32.74175,32.35285,32.63063,32.16765,32.35285,32.01950,32.16765,31.90839,31.90839,31.51949,31.64912,31.31578,31.09355,30.55649,30.51946,30.70465,30.29723,30.24167,29.74165,29.55646,29.31572,29.37127,29.26016,29.03793,29.18608,28.74162,28.90830,28.70459,28.20457,28.09346,27.33417,27.37121,27.16750,26.53785,26.20451,25.90820,25.66745,25.31559,25.07484,24.72298,24.31556
2007,Surry Hills 33_11kV,26NOV2006,MW,23.87110,23.55628,23.37109,23.07478,22.96367,22.50069,21.94512,21.64881,21.79697,21.38955,21.20435,20.92657,20.85249,20.79693,20.74138,20.64878,20.59323,20.53767,20.64878,20.48211,20.61174,20.70434,20.46359,20.57471,21.05620,21.09324,21.29695,21.53770,22.11179,22.00068,22.51921,23.11182,23.68591,23.88962,24.38964,24.72298,25.50078,26.01932,26.33414,26.64897,26.98231,27.07491,27.51936,27.46381,28.00086,28.16753,28.03790,28.16753,27.79715,28.07494,28.01938,28.31568,28.01938,27.70455,27.70455,27.90826,27.48233,27.38973,27.38973,27.37121,27.38973,27.46381,27.59344,27.50084,27.50084,27.50084,27.46381,27.00083,27.03787,27.13046,27.38973,27.33417,27.18602,27.20454,27.40825,27.33417,27.11194,27.20454,27.57492,27.16750,27.29713,27.24158,26.70452,26.72304,26.24155,26.05636,25.76005,25.16744,24.85262,24.44520,24.16741,23.66739,23.33405,22.92663,22.37106,21.98216
2007,Surry Hills 33_11kV,27NOV2006,MW,21.68585,21.44510,21.18584,21.01916,20.90805,20.68582,20.33396,20.09321,19.81542,19.70431,19.61171,19.31541,19.50060,19.68579,19.37097,19.55616,19.77839,19.72283,20.09321,20.37100,21.07472,21.61177,22.13031,22.59329,24.90817,25.76005,27.53788,29.70462,32.50100,34.11216,36.76039,38.51970,40.24198,41.51979,42.24204,42.64946,43.87172,43.74208,44.83471,44.53840,44.89027,45.31621,45.05694,45.14953,44.61248,45.53844,45.46436,45.14953,45.64955,46.05697,45.76066,45.83474,46.26068,46.11253,45.74215,46.66810,46.27920,46.03845,46.26068,46.55699,46.13105,46.00141,46.44587,46.64958,46.40883,45.16805,44.76063,44.40877,43.40874,42.46427,42.16796,40.64940,37.81598,37.85301,36.48260,36.96410,35.59369,35.16775,35.38998,35.13071,35.09367,34.40846,33.27880,32.33433,31.40837,30.48242,30.18611,29.29720,27.72307,26.98231,26.18599,25.44523,24.77854,24.46371,23.70443,23.48220
2007,Surry Hills 33_11kV,28NOV2006,MW,23.20442,22.85255,22.35254,22.09327,21.68585,21.79697,21.59326,21.01916,21.13028,21.14880,20.88953,20.55619,20.48211,20.61174,20.51915,20.61174,20.68582,20.64878,21.16732,21.53770,22.16735,23.27849,23.18590,24.26000,26.46378,27.20454,28.50088,30.70465,34.11216,36.11222,38.72341,40.64940,42.70502,43.64949,44.46433,46.11253,47.35331,47.57554,48.16815,48.98299,49.24225,49.63115,50.26080,50.11265,51.07564,51.20528,50.61267,50.98305,51.07564,50.96453,51.44602,50.96453,51.11268,51.20528,50.87193,50.40896,50.33488,50.16821,50.22376,50.50155,50.09413,50.81638,50.66822,50.02005,49.22373,48.72372,48.50149,48.72372,48.14963,47.31627,45.98289,45.11250,41.92721,41.16793,40.33457,39.50121,37.29744,37.77894,37.31596,37.33448,36.76039,36.22333,35.51961,34.81588,33.37140,32.63063,31.94543,31.57504,29.33423,28.51939,28.29717,27.35269,26.22303,25.87116,25.13040,24.50075
2007,Surry Hills 33_11kV,29NOV2006,MW,24.24149,24.24149,23.40813,23.16738,23.14886,22.51921,22.29698,22.03771,21.83400,21.61177,21.63029,21.37103,21.01916,20.92657,21.25991,21.25991,21.33399,21.44510,21.79697,22.09327,22.72292,22.75996,23.11182,24.42668,26.70452,27.85271,29.81573,31.27874,35.46405,37.76042,39.83456,42.29760,44.50137,45.79770,46.83477,46.66810,,46.77921,47.64961,47.76073,48.09407,47.59405,48.07555,47.98296,47.39034,47.27923,47.22367,47.76073,47.42738,46.64958,46.74218,46.79773,46.11253,46.92737,47.09404,46.66810,45.77918,45.98289,46.07549,46.03845,45.70511,45.50140,45.72363,44.79767,44.66804,44.14950,43.87172,43.33466,42.61242,42.07537,40.51976,39.96419,37.07521,36.44556,35.94555,34.59365,34.44550,34.07512,33.85289,34.05660,32.92694,32.22321,31.44541,31.01947,29.77869,29.26016,28.70459,28.11197,26.87120,26.05636,25.33411,24.96373,23.90814,23.18590,22.75996,22.50069
2007,Surry Hills 33_11kV,30NOV2006,MW,22.44513,21.59326,21.61177,21.37103,21.11176,20.63026,20.35248,20.33396,20.07469,19.79690,19.50060,19.50060,19.38948,19.29689,19.29689,19.40800,19.38948,19.61171,19.61171,20.35248,20.83397,20.85249,21.55622,22.55625,24.26000,25.20448,26.87120,28.46384,31.33430,32.59359,34.94552,36.29741,38.20488,39.05675,39.51973,40.20494,40.44569,41.51979,42.03833,42.31611,43.33466,43.18651,44.01987,44.01987,44.46433,43.87172,44.31618,44.05691,44.44581,44.61248,44.26062,44.94582,44.70508,44.14950,44.64952,44.14950,44.14950,44.33469,43.68653,44.03839,44.11247,43.81616,43.74208,43.61245,42.77909,42.42723,42.26056,42.00129,40.90866,40.76051,39.50121,38.11228,36.22333,35.14923,34.31587,33.98253,32.98249,32.68619,32.66767,32.63063,32.38988,31.76023,30.81576,30.72317,30.05648,29.40831,29.35275,28.50088,27.05639,26.94527,26.27858,25.83413,24.96373,24.40816,23.37109,23.14886
2007,Surry Hills 33_11kV,01DEC2006,MW,22.66736,22.50069,21.90808,21.72289,21.40806,21.35251,20.75990,20.63026,20.38952,20.24136,20.27840,19.92654,19.83394,19.87098,20.07469,19.88950,19.79690,20.11173,20.00061,20.59323,21.16732,21.18584,22.01919,22.74144,24.61187,25.42671,26.81564,29.26016,31.94543,33.90845,36.13074,38.20488,39.51973,40.29753,41.26053,42.53834,43.51986,43.27911,44.07543,44.96434,46.01993,46.20512,46.40883,47.31627,46.92737,47.61257,47.76073,47.57554,48.05703,48.01999,47.70517,47.42738,47.79776,47.87184,47.70517,47.64961,48.31630,47.90888,48.13111,47.98296,48.27926,47.92740,47.51998,47.33479,47.70517,47.11256,46.46439,46.74218,45.63103,44.83471,43.31615,42.39019,38.87156,38.01969,37.13077,36.40853,35.13071,35.09367,34.88996,34.92700,34.31587,33.40843,33.40843,32.55656,31.76023,31.11207,30.63057,30.26019,28.70459,28.63051,28.05642,27.44529,26.72304,25.74153,25.20448,24.94521
2007,Surry Hills 33_11kV,02DEC2006,MW,24.48223,23.61184,23.22294,23.00071,22.38958,22.09327,21.59326,21.44510,21.11176,20.85249,20.77842,20.38952,20.16729,20.48211,20.25988,20.38952,20.24136,20.33396,20.53767,20.05617,20.27840,20.31544,20.33396,20.68582,21.20435,21.85252,22.42661,23.00071,23.90814,25.33411,25.66745,26.53785,27.64900,27.94530,28.18605,29.03793,29.26016,29.96388,30.57501,31.11207,31.24170,31.55652,31.46393,31.57504,31.70468,32.00098,32.22321,31.94543,31.94543,31.81579,31.22318,30.48242,29.88981,30.50094,31.00095,30.92688,30.05648,30.87132,30.09352,30.35278,29.31572,29.44535,29.35275,29.46387,29.20460,29.05645,28.77866,28.64903,27.64900,27.88975,28.13049,28.79718,28.42680,28.53791,28.20457,28.35272,27.90826,27.79715,27.46381,27.87123,27.42677,27.27862,26.94527,26.70452,26.31562,26.20451,25.77857,25.44523,24.98225,24.81558,24.61187,24.00074,23.48220,23.40813,23.07478,22.57477
2007,Surry Hills 33_11kV,03DEC2006,MW,22.44513,21.94512,21.44510,20.85249,20.90805,20.40803,20.24136,19.94506,19.79690,19.51912,19.46356,19.22281,19.09318,19.03762,18.92651,19.03762,19.01910,18.83391,19.09318,18.96355,18.96355,19.09318,19.31541,19.31541,19.46356,19.38948,19.51912,20.00061,20.27840,20.74138,20.98213,21.25991,22.29698,22.35254,23.00071,23.22294,23.59332,24.61187,25.07484,24.88965,25.88968,25.46374,25.87116,25.96376,26.07487,26.50081,26.46378,26.26007,26.38970,26.38970,26.16747,26.00080,25.96376,26.09339,25.92672,25.74153,25.48226,25.48226,25.38967,25.22300,25.29707,25.37115,25.42671,25.24152,25.37115,25.44523,25.33411,25.40819,25.50078,25.76005,26.16747,25.96376,25.77857,25.70449,25.92672,26.22303,25.88968,25.63042,25.51930,25.94524,26.46378,26.16747,25.72301,25.51930,25.64894,25.22300,24.87113,24.46371,24.00074,23.68591,23.22294,22.72292,21.94512,21.79697,21.29695,21.07472
2007,Surry Hills 33_11kV,04DEC2006,MW,20.85249,20.35248,20.16729,19.88950,19.75987,19.53764,19.16726,19.05614,19.13022,18.77835,18.63020,18.42649,18.37093,18.57464,18.50057,18.42649,18.87095,18.83391,18.92651,19.27837,20.27840,19.96358,20.83397,21.74141,23.11182,24.51927,26.03784,27.79715,30.79724,32.14914,34.81588,36.05666,37.42708,38.26043,39.05675,39.50121,40.05679,40.37161,40.44569,40.70495,40.92718,40.74199,41.13089,41.74202,41.61239,41.55683,41.76054,42.24204,42.16796,42.31611,42.31611,42.24204,42.51982,42.66798,42.66798,42.96428,42.76057,42.55686,42.50131,42.61242,41.46424,41.85314,42.00129,41.77906,41.37164,41.01978,41.46424,40.76051,40.22346,39.68640,38.94564,36.92706,35.07515,34.33439,33.81585,32.74175,31.98246,31.77875,31.53801,31.37133,31.51949,31.13059,30.61205,30.05648,29.51943,28.59347,27.90826,27.42677,26.29710,25.48226,25.18596,24.48223,23.68591,23.33405,22.48217,22.03771
2007,Surry Hills 33_11kV,05DEC2006,MW,22.11179,21.37103,21.27843,20.96361,20.85249,20.72286,20.09321,20.18581,20.09321,19.57468,19.16726,19.13022,19.05614,19.22281,19.03762,19.25985,19.09318,19.00058,19.46356,19.66727,20.33396,21.00064,21.50066,21.98216,23.53776,24.53779,26.33414,28.18605,31.20466,32.79730,34.98256,36.39001,38.40859,39.48269,40.39013,40.76051,42.13092,43.22355,42.89021,43.05688,43.39022,43.87172,44.13098,43.98283,44.00135,44.61248,44.37173,44.59396,44.72360,44.61248,44.72360,44.64952,44.70508,44.77915,44.68656,44.61248,44.61248,44.40877,43.81616,44.18654,44.00135,43.53837,43.37170,43.77912,43.42726,43.42726,42.70502,42.16796,41.40868,40.85311,40.01975,38.72341,35.61220,34.98256,34.05660,33.16769,31.44541,31.53801,31.70468,31.53801,31.83431,30.81576,30.70465,29.87129,29.01941,28.53791,27.74159,27.29713,26.29710,25.92672,,,23.66739,,,
2007,Surry Hills 33_11kV,06DEC2006,MW,,,,,,,,,,,,,,,,,,,,,,,,,,,,,,,33.90845,35.96407,37.92709,39.01972,39.72344,40.51976,42.03833,42.09389,42.96428,43.61245,43.61245,43.98283,44.94582,44.81619,45.55695,45.63103,45.24213,45.26065,45.63103,45.61251,45.46436,45.61251,45.29769,45.48288,45.53844,46.37179,45.76066,45.72363,45.89030,46.29772,45.94586,45.57547,45.70511,46.11253,46.14957,45.42732,45.48288,44.13098,43.59393,43.01984,41.53831,40.83459,37.92709,36.37149,35.09367,34.44550,33.35288,32.94546,32.53804,32.46396,32.77878,32.11210,31.53801,30.77872,29.87129,29.05645,28.51939,27.98234,27.24158,26.53785,25.77857,25.27855,24.38964,23.98222,23.37109,22.88959
2007,Surry Hills 33_11kV,07DEC2006,MW,22.61181,22.40810,22.22290,21.55622,21.31547,21.07472,20.50063,20.33396,20.37100,20.05617,19.72283,19.59319,19.74135,19.75987,19.51912,19.44504,19.72283,19.90802,19.87098,20.35248,21.22287,21.64881,22.09327,22.96367,24.59335,25.33411,26.96379,28.68607,31.72320,33.50103,35.57517,36.81595,39.16787,40.00123,40.46421,41.92721,42.01981,42.68650,42.81613,44.37173,44.07543,44.72360,45.27917,45.46436,44.59396,44.66804,45.77918,45.66807,46.44587,45.76066,46.33476,45.74215,46.14957,46.35328,46.37179,46.66810,46.46439,46.64958,46.29772,46.18660,46.22364,45.77918,45.79770,46.09401,45.22361,45.37176,45.35324,44.29766,43.40874,42.53834,41.76054,40.01975,37.92709,36.44556,35.83443,35.61220,33.85289,33.50103,32.66767,32.79730,32.53804,32.33433,32.14914,31.79727,30.81576,29.76017,29.68610,29.11201,27.74159,27.24158,26.40822,26.00080,25.42671,25.03781,24.44520,23.59332
2007,Surry Hills 33_11kV,08DEC2006,MW,23.59332,23.01923,22.53773,22.48217,22.24142,21.77845,21.40806,21.35251,21.55622,21.37103,20.79693,20.20432,20.63026,20.63026,20.42655,20.38952,20.31544,20.29692,20.83397,21.07472,21.64881,21.94512,22.37106,23.16738,25.22300,26.42674,27.98234,29.42683,32.96398,34.05660,36.14926,37.79746,39.33454,40.89014,41.74202,42.55686,43.14947,42.89021,43.40874,43.70505,44.33469,44.92731,45.18657,45.05694,44.90879,45.01990,45.44584,45.87178,45.92734,45.50140,45.96437,45.61251,45.89030,45.81622,45.48288,45.59399,45.42732,45.74215,45.27917,45.51992,44.96434,45.20509,45.13102,44.89027,44.81619,44.59396,43.87172,43.51986,41.89018,41.40868,40.26050,39.09379,36.79743,35.07515,34.50106,34.42698,33.14917,33.16769,32.76027,32.50100,31.72320,31.53801,30.66761,30.33426,29.83425,28.79718,28.59347,28.01938,26.76008,26.37118,26.01932,25.38967,24.79706,24.53779,24.00074,23.25997
2007,Surry Hills 33_11kV,09DEC2006,MW,23.27849,22.77848,22.57477,22.42661,22.09327,21.51918,20.96361,20.77842,20.66730,20.09321,20.27840,20.33396,20.09321,19.94506,19.88950,19.75987,19.83394,19.64875,19.77839,19.57468,19.87098,19.83394,19.64875,20.16729,21.03768,20.63026,21.44510,22.18587,23.07478,23.90814,24.57483,25.31559,26.16747,26.38970,27.31565,27.59344,28.68607,29.46387,30.00092,30.53797,30.74168,30.35278,30.90836,30.83428,31.31578,31.33430,31.46393,31.31578,31.26022,31.22318,31.37133,31.46393,30.79724,31.20466,30.83428,30.81576,30.59353,30.37130,30.70465,30.14907,30.33426,30.31575,30.11204,30.07500,30.37130,29.88981,29.57498,29.92684,29.13052,28.90830,28.90830,28.63051,28.38976,28.57495,28.31568,28.01938,27.98234,27.53788,27.66752,28.16753,28.13049,27.66752,27.81567,27.38973,26.98231,26.83416,26.51933,26.24155,25.72301,25.26003,24.85262,24.37112,24.22297,24.20445,23.90814,23.68591
2007,Surry Hills 33_11kV,10DEC2006,MW,23.59332,23.13034,22.90811,22.33402,22.09327,22.00068,21.18584,21.11176,20.68582,20.44507,20.05617,19.96358,19.79690,19.87098,19.79690,19.68579,19.74135,19.64875,19.87098,19.77839,20.11173,19.61171,19.59319,19.61171,20.61174,20.14877,20.81545,21.13028,21.24139,21.85252,22.13031,22.70440,23.70443,24.38964,24.81558,25.24152,25.48226,26.33414,26.20451,26.63045,27.51936,27.88975,27.96382,27.96382,28.37124,28.09346,28.83422,28.40828,28.88978,28.53791,28.37124,28.63051,28.51939,28.20457,28.07494,27.72307,27.55640,27.42677,27.44529,27.42677,27.46381,27.11194,27.50084,27.18602,27.40825,27.51936,27.37121,27.20454,27.35269,27.42677,27.37121,27.55640,27.14898,26.85268,27.07491,27.01935,26.53785,26.57489,26.66749,27.26010,27.29713,27.01935,27.50084,27.37121,27.01935,26.55637,26.09339,26.05636,25.13040,24.57483,24.14889,23.79703,23.44516,22.98219,22.70440,22.37106
2007,Surry Hills 33_11kV,11DEC2006,MW,22.01919,21.90808,21.50066,21.01916,20.87101,20.75990,20.29692,20.14877,20.14877,19.53764,19.88950,19.33393,19.59319,19.68579,19.72283,19.55616,19.72283,19.88950,19.94506,20.33396,21.24139,21.42658,21.75993,22.92663,24.50075,25.90820,28.31568,29.40831,33.37140,34.53810,37.50115,39.53825,42.01981,42.61242,44.01987,44.90879,45.40880,46.53847,46.55699,47.51998,47.51998,48.13111,48.01999,48.40889,48.46445,48.57557,48.13111,48.22370,48.42741,48.55705,48.61260,48.61260,48.57557,48.74224,49.11262,48.79779,48.90891,48.61260,48.29778,48.48297,48.85335,48.37186,48.35334,47.83480,47.63109,47.01996,46.03845,46.00141,44.98286,44.26062,43.57541,41.85314,39.27898,38.39007,36.90854,36.70483,35.61220,35.37146,35.66776,35.09367,33.98253,33.90845,32.66767,32.03802,31.38985,30.27871,29.72314,29.29720,27.29713,27.00083,26.37118,25.44523,24.46371,23.87110,23.07478,22.75996
2007,Surry Hills 33_11kV,12DEC2006,MW,22.48217,21.98216,21.87104,21.44510,21.40806,20.94509,20.70434,20.79693,20.55619,20.38952,19.53764,19.63023,19.53764,19.98210,19.64875,19.79690,19.66727,19.92654,19.96358,20.38952,20.98213,21.38955,22.03771,23.01923,24.88965,25.70449,27.03787,28.88978,31.53801,33.20472,35.22330,36.13074,38.68637,39.18639,39.77900,40.39013,40.37161,41.00126,41.42720,41.39016,41.89018,41.68647,41.96425,42.03833,41.96425,42.05685,42.16796,42.27908,42.40871,42.55686,42.51982,42.35315,42.35315,41.94573,42.46427,41.98277,41.46424,41.26053,41.03830,41.40868,41.18645,41.07534,40.83459,40.66792,40.03827,40.33457,39.96419,39.37158,38.92712,38.44563,37.92709,36.59372,34.98256,34.20475,33.76030,33.37140,32.55656,32.29729,32.05654,31.74172,31.27874,30.79724,30.18611,29.59350,28.64903,28.27865,28.05642,27.18602,26.20451,25.96376,25.09336,24.63039,23.85258,23.48220,22.50069,22.20439
2007,Surry Hills 33_11kV,13DEC2006,MW,22.00068,21.55622,21.03768,20.83397,20.68582,20.40803,20.14877,20.01913,19.70431,19.31541,19.35245,19.24133,18.87095,18.87095,18.98206,19.00058,19.13022,19.22281,19.40800,19.98210,20.81545,21.29695,21.33399,22.25994,23.53776,24.66742,26.50081,28.00086,31.01947,32.83434,35.01959,35.79740,37.94561,38.57526,39.74196,39.87159,40.87163,41.27905,41.55683,42.51982,42.44575,42.66798,42.61242,42.90873,43.14947,43.14947,43.51986,43.70505,43.94579,44.05691,43.64949,43.64949,43.68653,43.89024,43.79764,44.11247,44.01987,44.31618,44.05691,44.57544,44.40877,44.22358,44.96434,44.27914,44.13098,44.42729,43.66801,43.20503,42.26056,42.05685,41.55683,39.85308,37.26040,35.70480,35.63072,34.72329,34.24179,33.38991,33.66770,33.11213,33.05657,32.61211,32.27877,31.63060,30.42686,30.16759,29.50091,29.38979,27.88975,27.48233,26.94527,25.94524,25.35263,24.18593,23.94518,23.31553
2007,Surry Hills 33_11kV,14DEC2006,MW,23.29701,22.40810,22.31550,22.22290,22.00068,21.55622,21.14880,21.03768,20.87101,20.77842,20.59323,20.74138,20.38952,20.51915,20.50063,20.42655,20.38952,20.64878,20.55619,21.00064,21.90808,22.57477,22.63032,23.42665,25.00077,26.31562,27.35269,29.40831,32.29729,34.40846,36.11222,38.13080,40.16790,41.87166,43.31615,44.83471,45.89030,46.09401,46.96441,46.94589,47.20515,47.76073,48.13111,48.07555,48.01999,48.48297,48.35334,48.46445,48.48297,48.66816,49.52004,48.66816,49.26077,49.89042,49.61263,49.52004,49.42744,49.24225,49.37189,49.18670,48.48297,48.05703,47.63109,47.09404,47.26071,46.66810,46.57550,45.70511,45.09398,44.53840,42.92724,41.89018,38.96416,38.24192,37.77894,36.81595,35.74184,35.48257,35.05663,34.51958,34.26031,33.88993,33.64918,32.76027,32.24173,31.44541,31.38985,30.46390,29.70462,29.26016,28.20457,28.01938,26.98231,26.35266,25.74153,25.29707
2007,Surry Hills 33_11kV,15DEC2006,MW,25.01929,24.63039,24.03778,23.83407,23.29701,22.83403,22.63032,22.35254,22.11179,21.92660,21.31547,21.05620,21.03768,21.00064,21.14880,20.92657,21.13028,21.18584,21.59326,21.94512,22.35254,22.59329,23.05626,23.70443,25.87116,26.57489,27.92678,30.05648,32.85286,35.07515,36.50112,38.18636,39.83456,40.68643,41.44572,42.85317,43.63097,43.26059,43.77912,43.81616,43.76060,43.77912,43.94579,44.14950,43.20503,43.63097,43.11244,43.44578,42.92724,43.35318,42.87169,42.63094,42.16796,42.27908,42.09389,42.05685,41.89018,41.50127,41.76054,41.51979,40.83459,40.61236,40.70495,40.29753,40.16790,39.98271,39.50121,39.50121,37.94561,37.53819,36.79743,35.33442,33.64918,33.66770,33.22324,32.33433,31.27874,31.35281,31.37133,30.70465,30.18611,29.37127,29.18608,28.20457,27.51936,27.13046,26.81564,26.57489,25.74153,25.22300,24.79706,24.22297,23.61184,23.61184,22.87107,22.81552
2007,Surry Hills 33_11kV,16DEC2006,MW,22.14883,21.83400,21.46362,21.37103,21.16732,20.88953,20.44507,20.14877,20.29692,19.61171,19.35245,19.22281,19.03762,19.18577,19.13022,19.14874,19.46356,19.22281,19.11170,19.13022,19.40800,19.25985,19.33393,19.42652,19.55616,20.29692,20.85249,21.50066,22.13031,22.50069,23.42665,23.74147,24.48223,24.85262,26.00080,26.03784,26.66749,26.79712,27.00083,27.35269,27.76011,27.88975,27.85271,28.40828,29.00089,28.92681,28.94533,28.92681,28.81570,28.68607,28.29717,28.35272,28.16753,28.14901,28.11197,27.88975,27.81567,27.98234,27.51936,27.40825,27.50084,26.87120,26.96379,26.94527,27.01935,26.94527,27.40825,27.26010,26.70452,26.98231,26.50081,26.29710,26.42674,26.13043,26.33414,26.27858,25.92672,26.11191,26.09339,25.79709,26.13043,25.96376,25.74153,25.59338,24.98225,24.64891,24.33408,24.09333,23.70443,23.38961,23.14886,22.98219,22.63032,22.64884,22.24142,
2007,Surry Hills 33_11kV,17DEC2006,MW,,,,,,,,,,,,,,,,,,,,,,,,,,,,,,,,,,,,,,,,,,,,,,,,,,,,,,,,,,,,,,,,,,,,,,,,,,,,,,,,,,,,,,,,,,,,,,,,
2007,Surry Hills 33_11kV,18DEC2006,MW,,,,,,,,,,,,,,,,,,,,,,,,,,,,,,,,,,,,,,,,,,,,,,,,,,,,,,,,,,,,,,,,,,,,,,,,,,,,,,,,,,,,,,,,,,,,,,,,
2007,Surry Hills 33_11kV,19DEC2006,MW,,,,,,,,,,,,,,,,,,,,,,,,,,,,,,,,,,,,,,,,,,,,,,,,,,,,,,,,,,,,,,,,,,,,,,,,,,,,,,,,,,,,,,,,,,,,,,,,
2007,Surry Hills 33_11kV,20DEC2006,MW,,,,,,,,,,,,,,,,,,,,,,,,,,,,,,,,,,,,,,,,,,,,,,,,,,,,,,,,,,,,,,,,,,,,,,,,,,,,,,,,,,,,,,,,,,,,,,,,
2007,Surry Hills 33_11kV,21DEC2006,MW,22.85255,22.35254,22.00068,21.53770,21.25991,21.16732,20.70434,20.38952,20.35248,20.16729,19.74135,19.61171,19.83394,20.03765,19.68579,19.59319,19.88950,19.83394,19.85246,20.40803,20.85249,21.16732,21.48214,22.07475,23.68591,24.77854,26.31562,28.00086,31.22318,33.53807,35.11219,37.00114,38.37155,39.85308,40.57532,41.20497,41.94573,43.09392,43.09392,43.13095,43.16799,43.51986,43.94579,44.48285,43.94579,44.39025,44.42729,44.76063,44.83471,45.20509,44.59396,44.61248,44.64952,44.33469,44.11247,44.20506,44.35321,44.01987,44.26062,44.18654,44.03839,43.98283,43.63097,43.79764,43.31615,43.01984,42.74205,42.26056,41.05682,40.66792,39.70492,37.96413,35.72332,34.07512,33.40843,32.90842,31.68616,31.57504,30.92688,30.90836,30.90836,30.53797,29.90833,29.66758,29.03793,28.55643,28.18605,27.26010,26.85268,26.57489,25.46374,25.26003,24.87113,23.88962,23.42665,23.44516
2007,Surry Hills 33_11kV,22DEC2006,MW,23.07478,22.55625,22.25994,22.07475,22.14883,21.44510,21.11176,20.74138,20.48211,20.53767,19.70431,19.85246,20.00061,20.05617,20.11173,19.85246,20.03765,20.16729,20.72286,21.14880,21.50066,21.98216,22.18587,22.51921,24.16741,24.83410,26.05636,27.85271,30.98243,32.38988,34.44550,35.64924,37.05669,38.31599,38.87156,39.72344,40.57532,41.50127,41.85314,42.42723,43.33466,43.35318,43.70505,43.42726,43.39022,43.44578,43.44578,43.20503,43.20503,43.29763,42.98280,42.55686,42.50131,42.01981,41.68647,41.51979,41.37164,41.39016,41.29756,40.26050,40.14938,40.27901,39.83456,39.35306,38.48266,38.20488,37.79746,37.90857,37.13077,36.44556,36.22333,35.11219,32.44544,31.79727,31.27874,30.63057,29.55646,29.42683,29.59350,29.50091,28.98237,29.05645,28.57495,28.09346,27.37121,26.77860,26.22303,25.96376,25.61190,25.05633,24.64891,23.88962,23.50072,23.24145,22.68588,22.40810
2007,Surry Hills 33_11kV,23DEC2006,MW,22.25994,21.90808,21.42658,21.13028,21.00064,20.98213,20.37100,19.96358,20.03765,19.75987,19.46356,19.59319,19.44504,19.42652,19.20429,19.51912,19.94506,19.44504,19.35245,19.68579,19.87098,20.05617,19.96358,19.94506,20.46359,20.64878,20.88953,21.24139,22.14883,22.88959,23.31553,23.59332,24.61187,24.88965,24.94521,25.50078,25.88968,26.14895,26.63045,27.11194,27.38973,27.88975,27.98234,28.40828,29.09349,28.88978,28.77866,29.07497,28.96385,28.76014,28.03790,28.50088,28.16753,28.20457,28.20457,28.03790,27.98234,28.01938,28.07494,27.88975,27.55640,27.63048,27.68604,27.88975,27.57492,27.35269,27.00083,26.59341,26.64897,26.42674,26.33414,26.64897,26.35266,26.11191,26.38970,26.33414,26.27858,26.26007,26.29710,26.14895,26.16747,25.50078,25.64894,25.74153,25.16744,25.22300,24.63039,24.64891,24.00074,23.74147,23.16738,22.79700,22.42661,22.35254,22.07475,21.90808
2007,Surry Hills 33_11kV,24DEC2006,MW,21.40806,20.81545,20.79693,20.66730,20.22284,20.11173,19.87098,19.68579,19.20429,19.09318,18.98206,19.16726,18.92651,19.07466,18.70428,18.55613,18.77835,18.79687,18.46353,18.96355,18.87095,18.92651,19.35245,19.22281,19.37097,19.38948,19.81542,19.87098,20.22284,20.55619,20.85249,21.40806,22.01919,22.44513,22.72292,23.44516,23.22294,24.16741,24.35260,24.31556,24.92669,25.05633,25.01929,24.98225,25.40819,25.68597,25.61190,25.77857,25.72301,25.40819,25.44523,25.03781,25.01929,25.13040,25.40819,25.33411,25.61190,25.33411,25.33411,25.22300,25.37115,25.05633,25.03781,25.22300,24.87113,24.64891,24.77854,24.53779,24.66742,24.88965,24.81558,24.70446,24.29704,24.37112,24.14889,23.87110,23.87110,24.14889,24.05629,24.31556,24.68594,24.35260,24.42668,23.83407,23.63036,23.79703,23.35257,22.96367,22.79700,22.25994,22.07475,22.00068,21.46362,21.44510,21.22287,21.00064
2007,Surry Hills 33_11kV,25DEC2006,MW,20.57471,20.11173,19.96358,19.77839,19.46356,19.33393,19.09318,18.79687,18.92651,18.83391,18.44501,18.16722,18.20426,18.35242,18.18574,18.16722,18.07463,18.07463,18.29686,18.25982,18.75984,18.42649,18.75984,19.05614,18.88947,19.59319,20.20432,20.44507,21.50066,21.40806,22.20439,22.24142,23.44516,23.63036,23.57480,23.79703,24.27852,24.64891,24.48223,25.05633,24.88965,24.79706,25.40819,24.90817,24.74150,24.66742,24.51927,24.59335,24.57483,24.42668,24.11185,24.27852,24.18593,23.51924,23.74147,23.81555,23.53776,23.83407,23.40813,23.31553,23.37109,23.18590,23.37109,23.64887,23.38961,23.68591,23.31553,23.42665,23.59332,23.61184,23.29701,23.37109,22.48217,22.09327,22.27846,22.07475,21.79697,21.27843,21.55622,21.64881,21.87104,22.01919,22.11179,22.03771,21.77845,21.59326,21.50066,21.09324,20.98213,21.03768,20.85249,20.37100,20.16729,20.05617,19.75987,19.63023
2007,Surry Hills 33_11kV,26DEC2006,MW,19.31541,19.07466,18.92651,18.61168,18.53761,18.35242,18.03759,18.16722,17.63017,17.42646,17.29683,17.18571,17.22275,17.13016,17.07460,17.22275,17.35238,17.40794,17.27831,17.18571,17.46350,17.53758,17.46350,17.98203,17.92648,18.22278,18.63020,19.29689,19.92654,20.20432,20.87101,21.16732,21.87104,22.24142,23.00071,22.85255,23.27849,23.64887,23.75999,23.68591,24.53779,24.31556,24.48223,24.44520,24.98225,24.63039,24.57483,24.90817,24.72298,25.01929,24.59335,24.51927,24.48223,24.33408,24.63039,24.05629,24.40816,24.26000,24.01926,24.03778,23.77851,24.20445,24.77854,24.66742,24.42668,24.57483,24.94521,24.63039,24.68594,24.70446,24.72298,24.35260,23.70443,23.31553,23.11182,23.14886,22.81552,22.90811,22.77848,22.63032,23.07478,23.53776,23.61184,23.11182,23.11182,22.55625,22.48217,22.24142,21.81548,21.44510,21.24139,20.66730,20.85249,20.27840,20.03765,20.05617
2007,Surry Hills 33_11kV,27DEC2006,MW,19.81542,19.42652,19.40800,19.16726,19.14874,18.85243,18.46353,18.38945,18.09315,17.96351,17.94500,17.88944,17.85240,18.22278,17.88944,17.92648,18.13019,17.90796,18.00055,18.46353,18.61168,18.70428,18.88947,19.24133,19.96358,20.57471,21.42658,22.13031,24.00074,24.38964,25.18596,26.18599,27.44529,28.13049,28.79718,29.40831,30.07500,30.55649,30.33426,31.50097,31.61208,31.14910,32.20469,32.20469,32.57507,32.51952,32.64915,32.27877,32.90842,32.33433,32.37136,31.64912,32.18617,31.81579,31.88987,31.63060,31.85283,31.94543,31.38985,31.24170,31.33430,31.13059,31.22318,30.94539,31.16762,31.33430,30.64909,30.77872,30.44538,29.85277,29.96388,29.13052,27.51936,27.33417,27.14898,26.57489,25.92672,26.20451,25.83413,26.40822,26.22303,26.20451,26.50081,25.96376,25.37115,25.29707,24.48223,24.09333,23.88962,23.24145,23.00071,22.79700,22.11179,21.88956,21.42658,21.37103
2007,Surry Hills 33_11kV,28DEC2006,MW,21.05620,20.70434,20.40803,20.33396,20.05617,19.81542,19.51912,19.50060,19.22281,18.85243,19.03762,18.87095,18.79687,18.75984,18.87095,18.74132,19.07466,18.79687,19.03762,19.44504,19.83394,19.94506,19.90802,20.22284,21.22287,21.77845,22.44513,23.79703,25.46374,26.03784,26.74156,28.16753,29.50091,30.68613,30.70465,31.66764,32.48248,32.64915,32.85286,33.53807,33.81585,33.96401,33.74178,34.18624,34.37143,34.46402,34.38994,34.74181,34.35291,34.57514,33.70474,34.00104,34.31587,34.00104,34.29735,34.07512,34.14920,33.98253,33.79733,33.79733,33.33436,33.79733,33.85289,33.40843,33.11213,33.27880,33.29732,33.05657,32.50100,32.46396,32.05654,31.37133,29.01941,28.92681,28.64903,28.35272,27.38973,27.88975,27.37121,27.14898,26.98231,27.35269,27.18602,26.68600,26.24155,25.59338,25.40819,25.27855,24.81558,24.16741,23.48220,23.37109,23.00071,22.79700,22.22290,21.92660
2007,Surry Hills 33_11kV,29DEC2006,MW,21.75993,21.38955,21.24139,21.00064,20.61174,20.14877,20.20432,19.94506,19.83394,19.75987,19.57468,19.35245,19.35245,19.37097,19.38948,19.33393,19.20429,19.24133,19.46356,20.31544,20.51915,20.46359,20.22284,20.79693,21.63029,21.74141,22.85255,23.77851,25.72301,26.26007,26.79712,27.77863,29.00089,29.79721,30.01944,31.00095,31.57504,32.07506,31.98246,32.46396,32.92694,33.18620,32.94546,33.40843,33.38991,33.72326,33.90845,34.00104,33.96401,33.87141,33.72326,33.77882,33.50103,34.29735,34.13068,33.98253,34.14920,33.37140,33.35288,33.22324,33.20472,32.81582,32.68619,32.92694,32.55656,32.48248,32.24173,32.18617,31.96394,31.88987,31.42689,30.87132,29.00089,28.27865,28.55643,27.81567,26.72304,26.48229,26.53785,26.13043,26.50081,26.35266,26.50081,25.42671,25.13040,25.16744,24.68594,24.50075,23.70443,23.53776,23.09330,22.92663,22.50069,22.11179,21.68585,21.70437
2007,Surry Hills 33_11kV,30DEC2006,MW,20.90805,20.88953,20.46359,20.27840,20.00061,19.75987,19.37097,19.31541,19.16726,19.01910,19.01910,18.72280,18.53761,18.81539,18.64872,18.42649,18.53761,18.35242,18.53761,18.55613,19.13022,18.81539,18.90799,19.11170,18.94503,19.63023,19.75987,19.68579,20.61174,21.00064,21.33399,21.96364,22.25994,22.57477,23.18590,23.66739,24.40816,24.59335,25.29707,25.22300,25.64894,25.88968,26.01932,27.07491,26.72304,26.79712,27.14898,27.14898,27.40825,27.20454,26.98231,26.66749,26.87120,26.57489,26.74156,26.76008,26.27858,26.31562,26.40822,26.13043,25.87116,25.92672,25.50078,25.70449,25.64894,25.48226,25.79709,25.64894,25.51930,25.66745,25.88968,25.51930,25.13040,25.20448,25.68597,25.05633,24.90817,25.00077,24.77854,25.26003,25.38967,25.57486,25.22300,25.16744,25.01929,24.37112,24.18593,23.79703,23.72295,23.48220,22.75996,22.68588,22.42661,22.25994,22.09327,21.92660
2007,Surry Hills 33_11kV,31DEC2006,MW,21.59326,21.01916,20.57471,20.53767,19.98210,19.83394,19.50060,19.31541,19.29689,18.94503,18.88947,18.81539,18.75984,18.98206,18.92651,18.46353,18.63020,18.74132,18.51909,18.57464,18.68576,18.68576,18.70428,18.48205,18.98206,19.00058,19.53764,19.51912,20.48211,20.59323,21.14880,21.55622,22.01919,22.42661,23.11182,23.14886,23.72295,24.66742,24.55631,24.92669,25.00077,25.29707,25.31559,25.68597,25.70449,26.22303,26.53785,26.09339,25.79709,26.09339,25.85265,25.85265,25.94524,25.33411,25.55634,25.48226,25.29707,25.24152,25.14892,25.31559,25.35263,25.77857,25.37115,25.22300,24.92669,25.16744,25.37115,25.37115,24.63039,25.24152,25.24152,24.92669,24.44520,24.35260,24.40816,24.68594,23.87110,24.13037,24.01926,24.01926,23.77851,23.55628,23.33405,22.85255,22.68588,22.40810,22.35254,21.72289,21.48214,21.63029,21.33399,20.92657,20.83397,20.94509,20.88953,20.29692
2007,Surry Hills 33_11kV,01JAN2007,MW,20.70434,20.38952,20.24136,20.59323,20.13025,19.81542,19.94506,19.61171,19.72283,19.53764,18.85243,19.11170,18.63020,19.20429,18.92651,18.61168,18.79687,18.90799,18.87095,18.66724,18.88947,19.05614,18.85243,19.20429,19.64875,20.03765,20.22284,20.90805,21.66733,21.38955,21.92660,22.59329,23.88962,23.94518,24.00074,24.18593,24.03778,24.63039,24.38964,24.55631,25.05633,25.26003,25.70449,25.55634,26.22303,26.05636,26.33414,26.98231,26.64897,27.33417,27.07491,26.88971,26.79712,26.87120,26.50081,26.77860,26.63045,26.40822,26.79712,26.77860,26.61193,26.63045,26.37118,26.42674,26.66749,26.55637,26.85268,26.77860,26.46378,26.57489,26.44526,26.20451,25.50078,24.94521,25.53782,24.98225,24.50075,24.29704,24.26000,24.50075,24.81558,25.13040,25.09336,24.70446,24.40816,24.63039,24.18593,23.87110,23.11182,22.96367,22.85255,22.22290,21.83400,21.55622,21.20435,20.77842
2007,Surry Hills 33_11kV,02JAN2007,MW,21.07472,20.59323,20.16729,20.18581,20.16729,19.81542,19.22281,19.55616,19.24133,19.00058,18.94503,18.81539,18.77835,19.33393,18.94503,19.24133,19.27837,19.00058,19.42652,19.55616,20.44507,20.33396,20.57471,20.57471,22.27846,22.72292,23.55628,25.03781,26.98231,28.38976,29.59350,31.20466,32.11210,33.42695,34.26031,34.88996,35.55665,36.57520,36.40853,36.66779,37.00114,37.20485,37.20485,37.13077,37.63079,38.50118,38.83453,38.66785,38.89008,38.63082,38.64934,38.66785,39.24195,39.05675,39.35306,38.96416,38.63082,38.83453,38.39007,38.39007,37.96413,37.44559,37.22337,37.42708,37.79746,37.35300,37.18633,36.77891,35.72332,35.55665,34.77885,33.63066,31.07503,31.09355,30.66761,30.29723,29.59350,29.09349,29.29720,28.94533,28.77866,28.37124,28.14901,27.64900,26.96379,26.59341,26.18599,26.00080,25.59338,24.92669,24.42668,23.72295,23.46368,22.68588,22.61181,22.16735
2007,Surry Hills 33_11kV,03JAN2007,MW,21.50066,21.25991,21.16732,20.88953,20.35248,20.22284,19.77839,19.87098,19.77839,19.51912,19.29689,19.00058,19.00058,19.22281,18.85243,19.05614,19.07466,19.25985,19.24133,19.51912,20.18581,20.31544,20.61174,21.00064,21.98216,23.27849,24.03778,25.35263,27.98234,28.92681,30.33426,31.59356,33.61214,33.77882,35.51961,36.61224,37.31596,37.14929,37.14929,38.29747,37.72338,37.90857,38.29747,38.57526,38.66785,38.68637,39.00120,39.29750,39.85308,39.29750,39.55677,39.13083,39.42714,39.07527,39.14935,39.42714,39.18639,39.35306,38.31599,38.14932,38.13080,37.87153,37.89005,38.07524,38.13080,38.13080,36.90854,36.98262,36.09370,35.31590,35.11219,34.57514,32.00098,31.40837,31.11207,30.31575,29.48239,28.96385,29.07497,28.66755,28.66755,28.46384,28.07494,28.00086,27.22306,26.57489,26.51933,25.72301,25.35263,24.74150,24.24149,23.46368,23.14886,22.66736,22.44513,22.18587
2007,Surry Hills 33_11kV,04JAN2007,MW,21.53770,21.25991,21.00064,20.68582,20.22284,20.35248,20.18581,19.96358,19.90802,19.74135,19.27837,19.13022,19.29689,19.25985,19.31541,19.50060,19.35245,19.44504,19.31541,19.94506,20.22284,20.72286,20.90805,21.35251,22.68588,23.44516,24.26000,25.42671,27.98234,29.20460,30.88984,32.14914,33.88993,34.76033,34.94552,35.64924,36.72335,36.98262,37.35300,38.40859,38.74193,39.11231,38.92712,38.94564,39.22343,39.40862,39.70492,39.87159,39.24195,40.53828,39.96419,40.20494,39.81604,39.55677,39.79752,40.05679,39.96419,40.46421,40.16790,40.29753,40.39013,40.11234,39.96419,39.89011,39.51973,39.50121,39.29750,38.76045,38.42711,37.50115,37.01966,35.61220,33.31584,32.57507,31.42689,31.50097,30.24167,29.81573,29.53794,29.35275,29.46387,29.51943,29.07497,28.46384,28.01938,27.66752,26.96379,26.66749,25.90820,25.94524,25.16744,24.33408,23.79703,23.57480,23.05626,22.68588
2007,Surry Hills 33_11kV,05JAN2007,MW,22.51921,22.11179,21.40806,21.20435,21.11176,20.87101,20.40803,20.27840,20.14877,20.27840,19.57468,19.35245,19.25985,19.59319,19.40800,19.16726,19.59319,19.40800,19.55616,19.92654,20.75990,20.70434,20.77842,21.66733,22.75996,23.57480,24.46371,25.48226,28.40828,29.59350,31.87135,33.13065,35.01959,35.26034,36.70483,37.76042,38.64934,39.01972,39.31602,39.55677,39.59381,40.13086,39.59381,39.61233,39.76048,39.59381,39.48269,39.53825,40.11234,39.81604,39.70492,39.57529,39.72344,40.05679,40.05679,40.11234,40.03827,39.98271,39.66788,39.64937,39.77900,39.63085,39.87159,39.74196,40.24198,39.68640,39.74196,39.55677,38.59378,37.85301,37.68634,36.57520,34.09364,33.38991,31.88987,31.98246,30.24167,30.44538,29.92684,29.87129,29.48239,29.77869,28.88978,28.55643,27.87123,27.42677,27.07491,26.79712,25.96376,25.31559,24.72298,24.85262,24.13037,23.55628,23.29701,23.05626
2007,Surry Hills 33_11kV,06JAN2007,MW,22.63032,22.05623,21.79697,21.18584,21.35251,20.68582,20.46359,20.18581,19.85246,20.07469,19.81542,19.53764,19.22281,19.25985,19.31541,19.22281,19.40800,18.94503,18.88947,19.22281,19.38948,19.31541,19.42652,19.74135,19.75987,20.37100,20.68582,20.77842,21.63029,21.94512,23.07478,23.63036,24.18593,24.85262,25.40819,25.92672,26.50081,27.05639,27.50084,27.81567,28.26013,28.64903,29.14904,28.92681,29.46387,29.29720,29.64906,29.66758,29.61202,29.14904,28.92681,29.00089,28.48236,28.33420,28.64903,28.55643,28.72310,28.40828,28.35272,28.22309,27.68604,27.96382,27.72307,27.33417,27.48233,27.63048,28.01938,27.87123,27.59344,27.64900,27.79715,27.57492,27.16750,27.44529,27.24158,26.98231,26.61193,26.24155,26.44526,26.46378,26.98231,27.09342,26.77860,26.53785,26.11191,26.09339,25.29707,25.55634,24.48223,24.55631,24.00074,23.72295,23.63036,23.07478,22.72292,22.22290
2007,Surry Hills 33_11kV,07JAN2007,MW,22.07475,22.16735,21.61177,21.40806,21.22287,20.77842,20.61174,20.31544,20.18581,19.92654,19.53764,19.22281,19.27837,19.27837,19.38948,19.27837,19.24133,19.40800,19.16726,19.55616,19.55616,19.66727,19.61171,19.38948,19.98210,20.22284,20.59323,20.25988,20.63026,21.09324,21.98216,22.07475,23.03774,23.03774,23.90814,24.03778,24.33408,24.88965,25.37115,25.59338,25.81561,26.14895,26.50081,26.90823,27.16750,27.18602,27.55640,27.74159,27.68604,27.77863,27.79715,27.27862,28.07494,27.59344,27.87123,27.77863,27.48233,27.22306,26.94527,26.77860,27.03787,26.92675,26.94527,27.16750,27.16750,26.98231,26.64897,27.05639,26.77860,27.03787,27.26010,27.37121,27.26010,27.35269,27.35269,27.53788,27.33417,27.33417,27.24158,27.00083,27.31565,27.44529,27.42677,27.11194,27.09342,26.68600,26.94527,25.96376,25.38967,24.70446,24.66742,24.29704,23.35257,23.20442,22.85255,22.31550
2007,Surry Hills 33_11kV,08JAN2007,MW,22.27846,21.77845,21.70437,21.38955,21.24139,20.70434,20.25988,20.24136,19.96358,19.61171,19.61171,19.40800,19.33393,19.50060,19.57468,19.46356,19.61171,19.87098,19.92654,20.55619,20.88953,21.03768,21.42658,22.25994,23.63036,24.72298,26.07487,27.72307,30.76020,32.31581,35.14923,36.14926,37.92709,38.83453,39.89011,41.20497,40.83459,41.22349,41.26053,42.14944,42.44575,42.29760,42.55686,42.55686,42.85317,42.74205,42.94576,42.81613,42.51982,42.63094,42.39019,42.61242,42.87169,42.61242,42.35315,42.66798,42.77909,42.81613,42.26056,42.59390,42.48279,41.98277,41.74202,41.89018,41.59387,41.63091,41.18645,41.18645,40.53828,39.42714,38.01969,36.59372,33.83437,33.31584,31.85283,31.29726,30.83428,30.81576,30.74168,29.74165,29.72314,29.70462,29.18608,29.09349,27.94530,27.50084,27.05639,26.53785,25.72301,25.38967,24.64891,24.16741,23.48220,22.94515,22.29698,22.07475
2007,Surry Hills 33_11kV,09JAN2007,MW,21.88956,21.75993,21.40806,21.05620,20.88953,20.40803,20.29692,19.96358,19.92654,19.88950,19.27837,19.55616,19.14874,19.09318,18.96355,19.22281,19.50060,19.51912,19.51912,19.83394,20.16729,20.51915,21.03768,21.75993,22.79700,23.53776,25.18596,26.53785,29.48239,31.31578,33.40843,34.44550,35.87147,36.79743,37.87153,39.22343,39.79752,40.87163,40.57532,40.11234,40.72347,41.39016,41.40868,41.35312,41.18645,41.57535,41.59387,41.40868,42.07537,41.51979,41.74202,42.16796,42.31611,41.72350,41.89018,41.96425,41.85314,41.87166,42.03833,42.20500,42.26056,41.70498,41.79758,41.79758,41.76054,41.85314,41.37164,41.14941,40.11234,39.68640,38.85305,37.37152,34.87144,34.01956,32.55656,31.70468,30.55649,30.59353,30.46390,30.13055,29.90833,29.83425,29.22312,28.74162,27.96382,27.76011,27.18602,26.76008,26.42674,25.88968,25.37115,24.68594,24.09333,23.59332,22.94515,22.42661
2007,Surry Hills 33_11kV,10JAN2007,MW,22.35254,21.88956,21.77845,21.40806,21.51918,20.64878,20.31544,20.42655,20.07469,20.13025,19.72283,19.75987,19.48208,19.53764,19.46356,19.64875,19.51912,19.75987,19.61171,20.33396,20.68582,21.13028,21.68585,22.27846,23.22294,24.00074,25.48226,27.24158,31.09355,32.46396,34.59365,36.16778,37.64930,38.64934,39.79752,40.64940,41.39016,41.89018,41.92721,42.39019,42.40871,43.26059,42.92724,43.29763,43.42726,43.57541,43.33466,43.76060,43.64949,43.35318,43.24207,43.07540,43.46430,43.27911,43.20503,43.44578,43.16799,43.03836,43.18651,42.89021,42.22352,42.64946,42.83465,42.68650,42.37167,42.44575,42.35315,40.92718,40.77903,40.14938,39.11231,37.64930,35.16775,34.81588,33.42695,32.66767,31.07503,31.31578,30.85280,30.55649,30.20463,30.42686,30.22315,29.64906,28.98237,28.09346,27.96382,27.31565,26.31562,25.96376,25.48226,24.74150,24.38964,23.92666,23.27849,22.85255
2007,Surry Hills 33_11kV,11JAN2007,MW,22.55625,22.13031,21.92660,21.61177,21.29695,21.13028,20.63026,20.55619,20.77842,20.50063,20.24136,20.09321,19.85246,19.77839,20.14877,20.07469,20.18581,20.05617,19.98210,20.66730,21.42658,21.96364,22.37106,22.42661,24.42668,24.77854,26.37118,28.31568,31.40837,33.42695,35.61220,37.20485,38.89008,40.03827,42.07537,42.74205,43.55689,44.40877,44.53840,44.68656,45.01990,45.63103,45.50140,45.59399,45.90882,,46.09401,46.27920,46.13105,45.90882,46.35328,45.92734,46.26068,46.13105,46.05697,45.76066,46.27920,46.01993,45.98289,46.26068,46.39031,46.00141,45.90882,45.79770,46.09401,45.90882,45.29769,44.94582,43.81616,43.11244,42.33463,40.39013,37.16781,36.00111,34.81588,34.05660,32.51952,32.29729,32.22321,32.26025,32.27877,31.87135,31.61208,30.85280,29.64906,29.29720,28.98237,28.33420,27.66752,26.83416,26.90823,25.94524,25.31559,24.83410,23.88962,23.64887
2007,Surry Hills 33_11kV,12JAN2007,MW,23.48220,23.14886,22.55625,22.44513,22.51921,21.96364,21.63029,21.24139,21.31547,20.94509,20.75990,20.77842,20.29692,20.09321,20.24136,20.46359,20.92657,20.72286,21.07472,21.46362,21.79697,22.20439,22.98219,23.42665,24.88965,25.63042,27.44529,28.79718,32.63063,34.31587,36.46408,37.98265,40.00123,41.27905,42.79761,43.44578,44.81619,45.76066,45.66807,46.35328,46.55699,46.48291,46.92737,46.72366,46.92737,46.40883,47.14960,47.11256,47.00144,47.22367,47.11256,47.00144,46.77921,47.35331,46.92737,47.16812,46.98292,47.09404,47.59405,47.37183,46.94589,46.79773,46.74218,46.20512,45.77918,45.70511,45.07546,44.33469,43.29763,42.59390,41.72350,40.33457,36.98262,36.27889,34.31587,33.24176,32.22321,32.11210,32.51952,31.44541,31.55652,31.00095,30.27871,29.83425,29.03793,28.31568,28.18605,27.72307,27.14898,26.48229,26.00080,25.92672,25.40819,24.66742,24.05629,24.11185
2007,Surry Hills 33_11kV,13JAN2007,MW,23.55628,22.90811,22.85255,22.40810,21.98216,21.79697,21.16732,20.94509,20.88953,20.33396,20.18581,19.83394,19.75987,19.68579,19.66727,19.40800,19.72283,19.48208,19.33393,19.38948,19.59319,19.57468,19.64875,20.05617,19.96358,20.87101,20.66730,21.11176,21.81548,22.25994,22.98219,23.25997,24.31556,24.94521,25.09336,25.42671,26.07487,26.92675,27.16750,27.53788,27.77863,28.27865,28.31568,28.53791,28.42680,28.66755,28.70459,28.74162,28.50088,28.70459,28.50088,29.01941,28.55643,28.85274,28.79718,28.37124,28.31568,28.42680,28.38976,27.81567,27.70455,27.57492,27.63048,27.64900,27.66752,27.46381,27.48233,27.35269,27.03787,27.48233,27.13046,27.03787,27.31565,26.27858,26.76008,26.72304,26.01932,26.46378,26.33414,26.03784,26.33414,26.33414,26.14895,26.48229,25.83413,25.51930,25.31559,25.13040,24.76002,24.46371,24.01926,24.00074,23.46368,23.87110,23.22294,23.16738
2007,Surry Hills 33_11kV,14JAN2007,MW,22.50069,22.27846,21.77845,21.40806,21.27843,20.74138,20.75990,20.55619,20.42655,19.92654,19.68579,19.59319,19.29689,19.33393,19.07466,19.09318,19.37097,19.18577,19.22281,18.98206,19.50060,19.53764,19.35245,19.37097,19.50060,19.72283,19.66727,19.85246,20.44507,21.18584,21.05620,21.74141,22.70440,22.72292,23.22294,24.40816,24.61187,25.03781,25.53782,25.81561,25.76005,26.35266,26.26007,26.83416,27.01935,27.07491,27.35269,27.44529,27.55640,26.96379,26.70452,26.79712,26.77860,26.74156,26.64897,26.90823,26.74156,26.55637,26.57489,26.50081,26.42674,26.74156,26.83416,26.66749,26.70452,26.94527,26.92675,26.92675,26.59341,26.72304,26.51933,26.85268,26.40822,26.31562,26.57489,26.27858,26.14895,26.05636,26.37118,26.35266,26.72304,27.18602,26.92675,26.55637,26.76008,25.74153,25.74153,25.68597,24.96373,24.35260,24.05629,23.37109,22.87107,22.63032,22.29698,21.77845
2007,Surry Hills 33_11kV,15JAN2007,MW,21.74141,21.46362,21.05620,20.98213,20.50063,20.18581,20.03765,19.92654,19.87098,19.55616,19.44504,19.55616,19.24133,19.70431,19.53764,19.66727,19.72283,19.50060,19.85246,20.25988,20.87101,21.37103,21.75993,22.50069,23.51924,24.33408,26.01932,27.90826,31.42689,33.79733,35.81591,37.18633,39.18639,40.57532,41.70498,42.44575,42.98280,43.40874,43.87172,44.63100,44.89027,44.98286,45.22361,45.27917,45.79770,45.46436,45.51992,45.27917,45.55695,45.40880,45.31621,45.35324,45.27917,45.16805,45.72363,45.35324,45.35324,45.42732,45.27917,45.09398,45.27917,44.89027,45.18657,45.13102,44.63100,44.98286,44.42729,43.72356,43.01984,42.40871,41.13089,39.42714,36.61224,36.13074,34.00104,33.13065,32.37136,31.74172,31.46393,30.79724,30.77872,31.00095,30.90836,30.20463,29.09349,28.38976,28.09346,27.88975,27.11194,26.51933,25.90820,24.94521,24.27852,24.22297,23.59332,23.05626
2007,Surry Hills 33_11kV,16JAN2007,MW,22.59329,22.00068,21.79697,21.48214,21.46362,21.18584,20.81545,20.66730,20.51915,20.29692,20.11173,19.88950,19.90802,20.20432,20.11173,19.92654,20.20432,20.59323,20.64878,20.83397,21.74141,21.98216,22.53773,22.98219,24.72298,25.59338,27.29713,29.11201,32.01950,34.48254,36.85298,38.26043,40.68643,41.39016,42.48279,43.18651,43.94579,44.63100,44.92731,45.68659,46.20512,46.42735,46.50143,46.87181,46.92737,46.72366,46.85329,47.18663,46.87181,47.01996,47.13108,47.33479,47.31627,47.22367,47.00144,47.42738,46.61254,47.00144,46.96441,46.92737,46.98292,47.11256,47.48294,47.22367,46.74218,46.55699,46.18660,45.94586,44.92731,43.92727,42.85317,41.57535,38.16784,37.72338,35.79740,35.01959,33.83437,33.50103,33.20472,32.77878,32.48248,32.27877,31.90839,31.35281,30.27871,29.79721,29.29720,28.88978,28.11197,27.31565,26.96379,25.96376,25.33411,25.05633,24.40816,24.01926
2007,Surry Hills 33_11kV,17JAN2007,MW,23.94518,23.51924,22.88959,22.55625,22.22290,22.07475,21.53770,21.31547,20.96361,21.16732,20.79693,20.63026,20.35248,20.68582,20.50063,20.83397,21.18584,21.01916,21.37103,21.59326,22.63032,23.09330,22.83403,23.66739,24.98225,25.42671,27.59344,29.40831,33.27880,35.11219,37.76042,39.53825,40.94570,42.53834,43.63097,44.92731,45.09398,45.37176,45.74215,46.11253,46.74218,47.26071,46.85329,47.44590,47.48294,48.11259,47.59405,47.98296,48.07555,47.79776,47.85332,47.76073,47.55702,48.05703,47.77925,48.16815,48.29778,48.26074,47.63109,48.07555,48.05703,48.24222,47.76073,47.90888,47.37183,47.24219,47.24219,46.29772,45.37176,44.64952,43.14947,41.85314,38.64934,37.79746,35.88999,35.00107,33.88993,33.59362,33.37140,32.48248,32.35285,32.13062,31.94543,31.44541,30.74168,29.88981,29.33423,29.14904,28.22309,27.37121,27.00083,26.07487,25.33411,24.94521,24.11185,23.88962
2007,Surry Hills 33_11kV,18JAN2007,MW,23.66739,23.38961,23.03774,22.51921,22.29698,22.24142,21.79697,21.53770,21.40806,21.33399,21.05620,20.98213,20.63026,20.92657,20.74138,20.87101,21.09324,20.98213,21.40806,21.61177,22.35254,22.85255,23.42665,23.81555,25.11188,25.88968,28.00086,29.26016,32.77878,34.81588,37.68634,39.24195,41.16793,42.37167,43.94579,44.29766,45.00138,46.05697,46.18660,46.89033,47.22367,46.98292,48.00147,48.09407,47.85332,48.18666,47.90888,47.83480,48.26074,48.22370,48.13111,48.39037,47.89036,47.66813,48.37186,48.00147,47.72369,47.76073,47.83480,48.37186,48.07555,47.85332,47.79776,47.89036,47.74221,47.85332,46.70514,45.90882,44.92731,44.05691,42.87169,41.96425,38.42711,37.89005,35.26034,34.81588,33.14917,32.68619,32.74175,32.27877,32.07506,31.87135,31.61208,30.88984,30.05648,30.05648,29.68610,29.18608,28.05642,28.09346,27.20454,26.20451,25.81561,25.26003,24.90817,24.29704
2007,Surry Hills 33_11kV,19JAN2007,MW,24.24149,23.59332,23.24145,23.01923,22.83403,22.55625,21.96364,21.70437,21.63029,21.37103,21.27843,20.98213,20.98213,20.64878,20.53767,20.83397,20.88953,21.16732,21.85252,21.90808,22.48217,23.22294,23.05626,23.68591,25.26003,26.20451,27.64900,29.61202,33.44547,35.55665,37.89005,39.48269,41.48276,42.57538,44.20506,44.85323,45.94586,45.64955,45.50140,46.72366,46.89033,47.29775,47.18663,47.31627,47.20515,47.27923,47.09404,47.89036,47.63109,47.13108,47.35331,47.46442,47.05700,47.18663,47.42738,47.29775,47.29775,47.22367,47.00144,46.70514,46.81625,46.85329,46.76070,46.39031,46.61254,45.89030,46.07549,45.35324,44.48285,43.87172,42.13092,40.83459,37.87153,36.87150,34.40846,33.98253,32.70471,32.11210,31.81579,31.85283,32.22321,31.59356,30.72317,30.03796,29.20460,28.92681,28.37124,27.87123,27.40825,27.13046,26.22303,25.79709,25.18596,24.50075,24.26000,23.81555
2007,Surry Hills 33_11kV,20JAN2007,MW,23.44516,22.77848,22.42661,22.31550,21.74141,21.42658,21.29695,21.03768,20.70434,20.37100,20.31544,20.42655,20.16729,20.20432,20.07469,20.13025,20.09321,19.87098,19.88950,20.07469,20.33396,20.51915,20.33396,20.59323,20.81545,21.72289,21.33399,22.11179,22.68588,23.63036,24.63039,25.31559,26.18599,26.37118,27.27862,28.27865,28.63051,29.13052,29.31572,29.92684,30.55649,30.66761,31.00095,31.42689,31.48245,31.81579,31.70468,31.50097,31.51949,31.61208,31.27874,31.51949,30.66761,30.90836,31.14910,30.50094,30.44538,30.42686,30.42686,30.01944,30.22315,29.90833,29.57498,30.14907,30.07500,29.74165,29.68610,29.61202,29.42683,29.44535,29.63054,29.05645,28.74162,28.83422,28.72310,28.40828,27.87123,27.70455,27.72307,27.42677,28.01938,28.26013,28.24161,27.87123,27.57492,27.18602,26.63045,26.81564,26.29710,25.79709,25.14892,25.09336,24.51927,24.64891,24.11185,23.90814
2007,Surry Hills 33_11kV,21JAN2007,MW,23.31553,22.94515,22.68588,22.59329,22.27846,22.03771,21.51918,21.57474,21.42658,20.94509,20.92657,20.46359,20.37100,20.51915,20.25988,20.40803,20.38952,20.22284,20.33396,20.38952,20.44507,20.50063,20.11173,20.29692,20.50063,21.16732,21.22287,20.98213,22.14883,22.74144,23.72295,23.98222,24.61187,25.05633,25.33411,26.59341,26.66749,26.22303,27.16750,27.92678,28.35272,28.87126,29.03793,29.55646,30.05648,30.57501,30.51946,30.55649,30.57501,30.38982,30.68613,30.11204,30.22315,29.98240,30.13055,29.85277,30.24167,29.72314,30.18611,29.90833,29.70462,29.68610,29.51943,29.29720,29.18608,29.31572,29.51943,29.81573,29.59350,28.98237,29.09349,29.35275,28.96385,29.01941,28.76014,28.72310,28.90830,28.38976,28.70459,28.76014,29.37127,29.68610,29.53794,29.50091,29.05645,28.90830,28.44532,27.98234,27.40825,26.76008,26.51933,26.07487,25.24152,25.03781,24.33408,23.98222
2007,Surry Hills 33_11kV,22JAN2007,MW,23.61184,22.98219,22.90811,23.03774,22.85255,22.35254,21.98216,21.66733,21.48214,21.22287,21.14880,20.94509,20.79693,21.24139,20.79693,21.03768,21.20435,21.33399,21.75993,21.68585,22.74144,23.00071,23.22294,24.27852,26.05636,26.70452,28.53791,29.94536,34.16772,36.74187,38.89008,40.50124,42.42723,43.50134,45.44584,46.31624,47.00144,47.64961,47.94592,48.61260,49.09410,49.20521,49.02002,49.31633,49.53856,49.26077,49.48300,49.57560,49.35337,48.77928,49.09410,49.76079,50.09413,50.03857,49.81634,50.03857,50.07561,49.77931,49.39041,49.44596,49.35337,48.92743,48.87187,48.39037,48.79779,48.26074,47.42738,47.09404,45.72363,44.83471,43.94579,42.00129,38.55674,37.85301,35.83443,35.44553,33.92697,34.14920,32.87138,33.48251,33.22324,33.40843,32.79730,31.64912,30.98243,30.66761,30.07500,29.57498,28.51939,28.01938,27.20454,26.76008,25.96376,25.61190,24.81558,24.31556
2007,Surry Hills 33_11kV,23JAN2007,MW,24.13037,23.51924,23.48220,23.44516,22.83403,22.64884,22.14883,21.96364,21.98216,21.74141,21.46362,21.22287,21.20435,21.18584,21.05620,21.38955,21.57474,21.42658,21.92660,22.05623,22.66736,23.22294,23.98222,24.20445,26.01932,26.74156,29.11201,31.16762,34.72329,36.27889,39.11231,40.96422,42.83465,43.96431,45.87178,46.68662,47.05700,47.70517,47.48294,48.16815,48.85335,48.72372,48.83483,49.22373,49.26077,49.52004,48.94595,49.66819,49.74227,50.11265,49.89042,49.66819,49.55708,49.87190,49.92746,49.87190,50.37192,49.76079,49.50152,49.48300,49.09410,48.94595,49.57560,49.00150,48.50149,48.37186,48.33482,48.61260,47.11256,46.33476,44.87175,43.05688,40.46421,39.29750,38.61230,37.46411,36.20482,35.81591,35.50109,35.38998,35.27886,34.87144,34.22327,33.44547,32.61211,32.26025,31.13059,30.77872,29.51943,29.01941,28.44532,27.76011,27.11194,26.59341,25.88968,25.46374
2007,Surry Hills 33_11kV,24JAN2007,MW,24.94521,24.64891,24.11185,23.68591,23.59332,23.24145,23.11182,23.09330,22.90811,22.63032,22.55625,22.44513,22.29698,22.14883,22.29698,22.48217,22.61181,22.96367,23.13034,23.51924,24.37112,24.61187,25.59338,26.31562,27.26010,29.18608,31.05651,32.48248,36.22333,37.76042,39.46417,41.96425,43.74208,44.57544,45.77918,46.55699,47.94592,47.81628,48.50149,49.16818,48.68668,49.18670,49.27929,49.29781,49.16818,49.55708,49.27929,49.24225,49.48300,49.46448,49.57560,48.85335,49.18670,48.83483,49.05706,48.85335,48.57557,48.66816,48.29778,48.55705,48.40889,48.64964,48.66816,48.16815,48.03851,47.55702,47.00144,45.85326,45.00138,43.81616,43.39022,41.77906,38.63082,38.37155,37.18633,36.09370,35.07515,35.00107,35.13071,34.74181,34.18624,33.53807,33.27880,32.42692,31.90839,30.68613,30.38982,29.68610,28.35272,27.76011,27.20454,26.81564,26.31562,25.40819,25.01929,24.59335
2007,Surry Hills 33_11kV,25JAN2007,MW,23.88962,23.51924,23.24145,22.77848,22.72292,22.20439,22.00068,21.66733,21.57474,21.40806,21.29695,21.07472,20.70434,21.07472,21.05620,21.16732,21.53770,21.22287,21.14880,21.74141,22.35254,22.96367,23.13034,24.27852,25.53782,26.42674,28.14901,29.92684,33.55659,35.00107,37.94561,38.96416,40.61236,41.85314,43.14947,43.96431,44.66804,44.68656,44.92731,45.33473,45.64955,45.90882,45.46436,45.70511,45.46436,45.89030,45.72363,45.96437,46.35328,45.83474,45.31621,46.96441,46.44587,46.53847,46.16808,46.90885,46.33476,46.79773,46.24216,45.72363,45.94586,45.83474,46.26068,45.35324,45.33473,44.57544,44.29766,44.01987,42.63094,41.64943,41.07534,39.59381,37.00114,36.09370,35.24182,34.03808,33.07509,33.20472,33.66770,32.51952,32.44544,31.77875,31.05651,31.01947,29.90833,29.81573,29.13052,29.00089,27.40825,27.16750,26.85268,25.98228,25.48226,25.13040,24.61187,24.07481
2007,Surry Hills 33_11kV,26JAN2007,MW,23.61184,23.29701,23.11182,22.70440,22.66736,22.16735,22.27846,21.46362,21.38955,21.59326,20.98213,20.77842,20.74138,20.68582,20.63026,20.55619,20.61174,20.55619,20.98213,20.92657,20.98213,21.13028,21.40806,21.46362,21.81548,21.63029,22.77848,23.66739,25.31559,26.29710,26.63045,26.98231,28.24161,28.85274,29.61202,30.22315,30.85280,31.01947,31.38985,31.50097,31.70468,32.57507,32.44544,33.09361,32.94546,32.87138,32.83434,33.18620,32.92694,32.68619,33.26028,33.53807,33.27880,33.24176,33.14917,32.77878,32.77878,32.53804,32.50100,32.55656,32.29729,32.01950,32.09358,31.92691,32.31581,31.70468,32.13062,32.13062,32.18617,32.40840,31.76023,31.63060,30.90836,30.07500,29.76017,29.38979,28.88978,28.37124,28.92681,29.09349,28.77866,28.96385,28.61199,28.11197,27.90826,27.42677,27.05639,26.87120,26.09339,25.79709,25.57486,25.20448,24.57483,24.53779,24.40816,24.00074
2007,Surry Hills 33_11kV,27JAN2007,MW,23.55628,23.05626,22.77848,22.75996,22.66736,22.42661,22.16735,21.85252,21.83400,21.75993,21.03768,20.88953,20.77842,20.85249,20.81545,20.66730,20.57471,20.66730,20.42655,20.33396,20.61174,20.70434,20.66730,21.35251,21.72289,22.20439,22.00068,22.61181,23.68591,23.57480,24.79706,24.83410,25.50078,25.83413,26.55637,27.00083,28.01938,28.53791,29.03793,29.29720,29.85277,30.33426,30.88984,31.03799,31.11207,31.53801,31.74172,31.94543,31.61208,31.20466,30.81576,30.55649,30.22315,29.98240,29.50091,29.53794,29.24164,28.96385,28.68607,28.87126,28.14901,28.09346,28.31568,28.38976,27.66752,27.85271,27.64900,27.53788,27.35269,27.00083,27.01935,27.14898,26.35266,26.53785,26.14895,25.92672,26.14895,25.74153,25.77857,25.85265,26.38970,26.40822,26.01932,25.87116,25.57486,25.63042,24.92669,25.07484,24.33408,24.37112,24.11185,23.46368,23.09330,23.05626,22.55625,22.74144
2007,Surry Hills 33_11kV,28JAN2007,MW,22.53773,22.07475,21.64881,21.70437,21.48214,21.09324,20.44507,20.63026,20.25988,20.13025,19.94506,19.88950,19.53764,19.68579,19.64875,19.53764,19.50060,19.64875,19.57468,19.42652,19.94506,19.90802,19.70431,20.22284,20.09321,20.35248,20.07469,20.63026,20.51915,21.05620,21.75993,22.16735,22.79700,23.27849,23.83407,23.74147,24.59335,24.88965,24.92669,25.42671,25.88968,26.05636,26.24155,26.51933,26.87120,27.22306,27.26010,27.61196,27.48233,27.51936,27.57492,27.44529,27.40825,27.31565,26.96379,27.24158,26.72304,26.94527,27.31565,26.85268,26.90823,27.01935,26.59341,26.72304,27.20454,27.14898,27.03787,27.00083,27.13046,27.35269,27.42677,27.50084,26.94527,27.46381,27.42677,27.26010,26.87120,27.11194,27.31565,27.09342,26.92675,27.98234,27.74159,27.51936,27.40825,27.07491,26.27858,26.00080,25.85265,25.18596,25.05633,25.00077,24.00074,23.77851,23.31553,23.05626
2007,Surry Hills 33_11kV,29JAN2007,MW,22.38958,21.98216,21.66733,21.46362,21.00064,20.72286,20.75990,20.55619,20.29692,20.18581,20.03765,20.00061,19.68579,20.11173,20.11173,20.38952,20.07469,20.25988,20.14877,20.90805,21.40806,21.77845,22.31550,22.83403,24.44520,24.96373,27.05639,29.24164,32.72323,34.27883,36.76039,38.83453,40.48272,42.07537,43.07540,44.13098,44.87175,45.83474,45.83474,46.74218,47.57554,46.90885,47.01996,47.63109,47.11256,47.81628,47.64961,48.20518,48.26074,47.85332,47.87184,47.59405,47.77925,47.20515,47.90888,47.96444,47.59405,47.72369,47.92740,47.72369,48.01999,47.33479,47.35331,47.00144,47.26071,46.81625,46.44587,46.16808,44.70508,44.11247,42.92724,41.79758,39.16787,37.76042,36.76039,35.87147,34.55662,34.18624,34.20475,34.09364,33.53807,32.55656,32.88990,32.27877,31.38985,30.66761,30.16759,29.74165,28.20457,27.77863,27.27862,26.44526,26.07487,25.24152,24.35260,24.00074
2007,Surry Hills 33_11kV,30JAN2007,MW,23.55628,23.16738,22.75996,22.83403,22.22290,22.29698,21.96364,21.46362,21.29695,21.33399,20.96361,20.92657,20.96361,20.94509,21.07472,21.31547,20.96361,21.09324,21.59326,22.03771,22.53773,23.33405,23.40813,24.55631,25.87116,26.57489,28.64903,31.44541,35.01959,36.37149,39.79752,40.29753,42.94576,43.96431,45.83474,46.09401,46.77921,47.26071,47.42738,48.13111,49.37189,49.18670,49.09410,50.35340,50.48303,50.33488,50.14969,50.37192,50.83489,51.22380,50.76082,50.90897,50.83489,50.35340,50.89045,50.83489,51.00157,50.24228,50.72378,50.90897,50.59415,50.46451,50.31636,50.52007,50.20525,49.96450,49.40892,48.50149,48.03851,46.92737,46.85329,45.05694,41.89018,40.50124,38.59378,38.29747,36.53816,36.27889,36.11222,35.42701,34.83440,35.16775,34.33439,33.83437,32.79730,32.37136,31.77875,31.51949,29.51943,29.09349,28.35272,27.74159,27.11194,26.16747,25.92672,25.13040
2007,Surry Hills 33_11kV,31JAN2007,MW,24.55631,23.87110,23.46368,23.46368,23.27849,22.92663,22.38958,22.31550,22.29698,22.35254,22.09327,21.75993,21.66733,21.70437,21.77845,21.87104,21.85252,21.74141,22.46365,22.42661,23.22294,23.70443,24.05629,24.81558,26.26007,26.72304,29.09349,31.77875,35.61220,37.42708,39.72344,40.77903,42.66798,44.68656,45.09398,46.20512,46.39031,47.37183,47.66813,47.51998,47.79776,47.70517,48.13111,48.24222,48.09407,48.55705,48.72372,48.37186,48.22370,48.79779,49.18670,49.05706,49.09410,48.35334,48.42741,48.46445,47.85332,47.50146,47.89036,47.57554,47.46442,47.14960,46.31624,46.44587,46.07549,45.37176,45.42732,44.50137,43.92727,42.92724,41.81610,40.55680,38.07524,38.01969,36.40853,35.72332,35.22330,35.01959,35.03811,34.66773,33.85289,33.37140,32.92694,31.53801,30.68613,30.42686,29.83425,29.50091,27.98234,27.44529,26.92675,26.13043,25.57486,24.85262,24.09333,23.57480
2007,Surry Hills 33_11kV,01FEB2007,MW,23.25997,23.18590,22.51921,22.16735,21.81548,21.72289,21.24139,21.09324,20.85249,20.83397,20.59323,20.72286,20.38952,20.50063,20.48211,20.51915,20.51915,20.40803,20.50063,21.13028,21.85252,22.29698,22.70440,23.64887,25.38967,25.90820,27.81567,30.11204,33.09361,34.68625,37.01966,38.61230,40.46421,41.37164,42.63094,43.31615,43.53837,44.03839,44.16802,44.42729,44.37173,44.76063,44.59396,44.85323,45.03842,45.42732,45.40880,45.55695,45.63103,45.63103,45.07546,45.07546,45.16805,44.89027,45.16805,44.94582,45.20509,45.18657,44.50137,45.01990,44.72360,43.90876,43.66801,43.72356,43.37170,43.20503,43.20503,41.81610,41.83462,40.92718,39.77900,38.24192,36.48260,35.72332,34.87144,34.22327,33.42695,33.16769,32.96398,32.68619,32.53804,32.29729,31.70468,31.20466,30.13055,29.64906,29.05645,28.57495,27.53788,27.14898,26.46378,26.01932,25.20448,24.40816,24.01926,23.42665
2007,Surry Hills 33_11kV,02FEB2007,MW,22.96367,22.38958,22.05623,21.90808,22.03771,21.38955,21.27843,21.18584,20.96361,20.66730,20.88953,20.50063,20.14877,20.20432,20.51915,20.33396,20.29692,20.63026,20.57471,21.35251,21.63029,22.27846,22.94515,23.64887,25.64894,26.38970,28.22309,30.50094,34.00104,35.31590,37.44559,38.55674,40.57532,41.76054,42.50131,43.63097,44.26062,44.20506,44.94582,45.39028,45.16805,45.27917,45.39028,46.42735,46.20512,47.07552,46.40883,46.53847,46.76070,46.63106,47.07552,46.87181,47.01996,47.01996,47.09404,47.59405,47.22367,47.40886,47.33479,47.05700,47.11256,47.00144,46.77921,47.00144,46.09401,46.20512,45.81622,45.14953,44.18654,42.48279,41.63091,40.27901,37.81598,36.77891,35.64924,34.42698,33.51955,33.03805,32.85286,32.53804,33.05657,32.33433,31.79727,31.35281,29.96388,29.38979,29.35275,28.72310,27.81567,27.76011,27.00083,26.50081,26.00080,25.35263,24.96373,24.00074
2007,Surry Hills 33_11kV,03FEB2007,MW,23.57480,22.88959,22.50069,22.18587,22.01919,21.81548,21.46362,20.94509,20.75990,20.92657,20.64878,20.18581,20.14877,20.18581,20.18581,20.09321,20.24136,20.09321,19.87098,20.03765,20.07469,20.31544,20.55619,20.88953,21.05620,21.44510,21.74141,22.61181,23.46368,24.13037,25.01929,25.46374,26.63045,27.37121,27.85271,28.66755,28.90830,29.55646,29.50091,30.48242,30.31575,30.94539,31.38985,31.76023,31.72320,31.77875,31.46393,32.26025,32.03802,31.59356,31.70468,30.96391,31.00095,31.11207,30.85280,30.68613,30.61205,31.05651,31.20466,31.14910,30.70465,30.85280,30.94539,30.76020,30.68613,30.53797,30.74168,30.46390,30.35278,30.07500,29.81573,29.70462,28.63051,28.92681,29.07497,28.48236,28.26013,27.87123,28.31568,28.11197,28.59347,28.94533,28.64903,28.59347,27.85271,27.57492,27.11194,26.68600,25.88968,26.01932,25.70449,25.01929,24.77854,24.77854,24.13037,24.07481
2007,Surry Hills 33_11kV,04FEB2007,MW,24.05629,23.53776,23.51924,23.29701,23.27849,22.79700,22.01919,22.00068,21.66733,21.38955,21.16732,21.38955,21.22287,20.96361,21.07472,21.18584,21.22287,21.00064,20.77842,21.25991,21.07472,21.29695,21.42658,21.38955,21.68585,21.96364,22.16735,22.25994,22.74144,22.94515,23.38961,23.85258,24.74150,24.77854,25.59338,25.94524,26.68600,27.53788,27.40825,27.44529,27.53788,28.18605,28.33420,29.09349,29.18608,29.55646,29.40831,29.48239,29.63054,30.00092,29.76017,29.57498,29.22312,29.42683,29.13052,29.05645,29.13052,29.27868,28.90830,28.87126,29.07497,28.94533,28.94533,29.07497,29.20460,29.18608,29.51943,29.11201,29.00089,29.29720,28.90830,29.05645,28.61199,28.50088,29.00089,28.79718,28.24161,28.26013,28.46384,28.44532,28.92681,28.83422,29.16756,28.40828,28.18605,28.37124,27.83419,27.50084,26.88971,26.29710,25.83413,25.42671,25.03781,24.38964,23.57480,23.38961
2007,Surry Hills 33_11kV,05FEB2007,MW,23.09330,22.68588,22.09327,22.18587,21.79697,21.59326,21.66733,21.48214,21.13028,21.13028,20.85249,20.68582,20.57471,20.83397,20.66730,20.66730,20.87101,21.05620,21.03768,21.66733,22.63032,22.74144,23.25997,24.14889,25.98228,26.74156,29.40831,32.00098,35.22330,36.66779,39.51973,40.92718,42.44575,43.81616,44.87175,46.31624,46.61254,47.00144,47.55702,48.05703,48.94595,48.81631,49.05706,49.39041,49.11262,49.63115,49.61263,49.85338,50.31636,50.03857,49.94598,49.52004,49.70523,49.87190,49.46448,50.02005,49.98302,50.00154,49.70523,49.70523,49.42744,48.87187,49.02002,48.85335,48.83483,48.33482,47.89036,47.70517,46.64958,46.26068,45.07546,43.09392,40.26050,39.42714,38.55674,37.51967,36.51964,35.88999,35.64924,35.46405,35.51961,35.33442,34.13068,33.98253,32.74175,31.98246,31.31578,30.76020,29.22312,28.40828,27.66752,26.46378,26.05636,25.48226,25.05633,24.37112
2007,Surry Hills 33_11kV,06FEB2007,MW,23.90814,23.59332,23.20442,22.90811,22.72292,22.44513,22.24142,22.11179,21.57474,22.01919,21.51918,21.40806,21.35251,21.37103,21.48214,21.38955,21.74141,21.87104,21.98216,22.33402,23.18590,23.48220,24.33408,25.00077,26.87120,28.22309,30.27871,32.83434,35.92703,37.22337,40.40865,41.85314,43.87172,45.16805,46.26068,47.81628,,,,,,,,,,,,,,,,,,,,,,,,,,,,50.85341,50.22376,49.61263,49.48300,48.83483,47.42738,46.87181,46.01993,44.42729,41.33460,39.79752,38.59378,37.79746,36.89002,36.70483,36.07518,36.35297,36.05666,35.11219,34.33439,33.88993,32.72323,32.20469,31.24170,30.72317,29.14904,28.42680,27.61196,26.55637,26.05636,25.33411,24.79706,24.27852
2007,Surry Hills 33_11kV,07FEB2007,MW,23.74147,23.05626,23.01923,22.75996,22.70440,22.59329,21.88956,21.88956,21.72289,21.53770,21.38955,21.31547,21.13028,21.35251,21.03768,21.40806,21.16732,21.18584,20.33396,20.35248,20.81545,21.55622,23.18590,24.35260,26.00080,27.11194,29.07497,31.48245,34.50106,36.27889,38.46414,40.44569,42.51982,43.70505,44.64952,45.66807,46.59402,47.42738,48.31630,48.94595,49.24225,49.22373,49.39041,49.85338,50.03857,50.07561,50.05709,50.59415,50.37192,50.18673,50.53859,50.57563,50.39044,50.00154,50.64970,50.44599,50.09413,50.16821,49.70523,50.14969,49.96450,49.03854,48.89039,48.85335,48.31630,47.37183,47.96444,47.70517,46.76070,45.59399,44.79767,43.98283,41.68647,41.03830,40.13086,39.39010,38.07524,37.24188,37.26040,36.50112,35.76036,35.51961,34.11216,33.76030,32.74175,31.83431,31.51949,30.51946,29.18608,28.14901,27.26010,26.83416,25.57486,24.90817,24.70446,24.11185
2007,Surry Hills 33_11kV,08FEB2007,MW,23.77851,23.16738,23.11182,22.81552,22.61181,22.07475,22.00068,21.72289,21.37103,21.22287,20.85249,20.70434,20.46359,20.70434,20.74138,21.03768,21.29695,20.92657,21.24139,21.53770,22.31550,22.81552,23.42665,24.07481,25.90820,26.50081,29.66758,31.72320,34.88996,36.40853,39.31602,40.74199,42.76057,44.22358,45.59399,46.14957,46.39031,47.51998,47.70517,48.40889,48.40889,48.57557,49.05706,48.83483,49.37189,49.63115,49.57560,50.02005,50.61267,49.87190,50.18673,50.48303,50.13117,50.14969,50.57563,50.63118,50.18673,50.37192,49.57560,50.39044,49.87190,49.63115,49.22373,49.35337,48.94595,48.96447,48.18666,47.53850,46.72366,45.22361,43.76060,42.72353,40.01975,38.87156,37.96413,37.87153,36.26037,35.79740,36.18630,35.63072,35.64924,34.96404,34.68625,33.66770,32.76027,32.24173,31.33430,31.44541,29.00089,28.46384,27.68604,27.31565,26.20451,25.68597,25.22300,24.74150
2007,Surry Hills 33_11kV,09FEB2007,MW,23.83407,23.53776,23.18590,23.18590,22.96367,22.53773,22.22290,21.92660,21.66733,21.61177,21.44510,21.22287,20.94509,21.14880,21.01916,21.03768,21.63029,21.11176,21.59326,22.24142,22.27846,22.85255,23.53776,24.00074,26.51933,27.40825,30.27871,32.07506,34.03808,36.05666,38.74193,39.94567,42.16796,43.33466,43.81616,45.44584,46.24216,46.77921,47.68665,47.76073,49.07558,48.98299,48.48297,49.44596,49.37189,49.70523,49.87190,49.66819,49.63115,49.57560,49.85338,49.87190,49.98302,49.22373,49.20521,49.44596,49.66819,49.46448,49.11262,49.42744,49.05706,48.11259,48.79779,48.64964,48.01999,47.20515,47.18663,46.14957,45.53844,44.79767,43.68653,42.27908,39.39010,38.42711,36.79743,36.01962,34.40846,34.92700,34.83440,34.27883,34.18624,33.77882,33.09361,32.50100,31.90839,31.31578,30.96391,30.44538,28.64903,28.44532,27.79715,27.22306,26.92675,26.38970,25.72301,25.24152
2007,Surry Hills 33_11kV,10FEB2007,MW,24.57483,24.26000,23.50072,23.55628,23.14886,22.85255,22.42661,22.18587,22.07475,21.83400,21.63029,21.18584,21.05620,20.96361,21.05620,21.11176,21.20435,20.68582,21.03768,20.98213,21.03768,21.03768,21.40806,21.61177,21.90808,22.24142,22.96367,23.44516,24.31556,25.22300,25.76005,26.48229,27.38973,27.48233,28.48236,29.51943,29.70462,30.31575,30.77872,30.79724,31.70468,32.18617,32.64915,32.31581,32.70471,33.03805,32.90842,32.55656,33.07509,32.66767,32.90842,32.38988,32.88990,32.66767,32.70471,32.79730,32.61211,32.88990,32.92694,32.53804,32.11210,31.94543,32.46396,32.29729,32.00098,31.63060,32.07506,31.74172,31.16762,31.50097,31.18614,31.24170,30.01944,29.90833,29.90833,29.40831,29.59350,29.38979,29.57498,30.16759,29.74165,29.96388,29.77869,28.96385,28.66755,28.26013,27.81567,27.51936,26.74156,26.96379,26.38970,25.83413,25.94524,25.22300,24.88965,24.42668
2007,Surry Hills 33_11kV,11FEB2007,MW,24.31556,24.11185,23.57480,23.27849,23.14886,22.81552,22.40810,22.35254,21.81548,21.79697,21.72289,21.24139,21.18584,20.96361,20.96361,21.18584,20.87101,21.05620,21.22287,21.13028,21.18584,21.42658,21.83400,21.64881,22.27846,22.35254,22.42661,22.50069,23.33405,23.31553,23.38961,24.01926,24.48223,24.64891,25.57486,27.01935,26.96379,27.09342,27.61196,27.77863,28.16753,27.96382,28.31568,28.88978,29.59350,29.74165,29.55646,29.81573,29.83425,29.63054,29.61202,29.31572,29.26016,29.27868,29.05645,29.27868,29.38979,29.20460,29.53794,29.38979,29.11201,29.07497,29.27868,29.24164,29.31572,29.33423,29.38979,29.26016,29.16756,29.07497,29.07497,29.00089,28.26013,28.40828,28.53791,28.61199,28.29717,28.20457,28.55643,28.88978,28.92681,28.92681,28.87126,28.44532,28.22309,27.79715,27.50084,27.20454,26.46378,25.92672,25.33411,25.16744,24.38964,24.00074,23.44516,23.13034
2007,Surry Hills 33_11kV,12FEB2007,MW,22.63032,22.14883,22.07475,21.70437,21.90808,21.57474,20.90805,20.77842,20.81545,20.35248,20.07469,20.40803,20.13025,20.27840,20.40803,20.37100,20.74138,20.74138,21.05620,21.42658,21.85252,22.53773,23.46368,23.70443,26.07487,27.14898,30.07500,32.33433,36.42704,37.16781,39.55677,40.90866,43.01984,43.90876,44.51989,44.96434,46.24216,46.55699,46.83477,47.00144,47.59405,48.29778,47.89036,47.85332,48.31630,47.66813,47.96444,48.07555,48.01999,48.35334,47.89036,48.48297,48.77928,48.50149,48.85335,48.31630,48.46445,48.66816,48.46445,47.87184,47.39034,47.59405,46.92737,46.37179,46.48291,46.09401,45.40880,45.48288,44.00135,43.40874,42.42723,40.98274,39.05675,38.50118,37.39004,36.77891,35.90851,35.98259,35.35294,34.79736,34.11216,33.85289,32.90842,32.05654,30.68613,30.33426,30.09352,29.18608,27.26010,26.96379,26.00080,25.44523,24.55631,23.92666,23.42665,22.64884
2007,Surry Hills 33_11kV,13FEB2007,MW,22.57477,22.22290,21.92660,21.59326,21.31547,21.27843,20.75990,20.46359,20.48211,20.38952,20.40803,19.75987,19.92654,19.88950,20.00061,19.81542,20.01913,20.44507,20.33396,20.40803,21.18584,21.63029,22.24142,22.92663,24.88965,25.66745,28.09346,30.46390,32.76027,34.22327,36.66779,38.00117,40.37161,41.83462,42.33463,43.24207,44.37173,44.90879,45.66807,45.68659,46.50143,46.96441,47.14960,46.85329,47.94592,47.68665,47.55702,48.00147,47.72369,47.50146,47.39034,47.22367,47.31627,47.66813,47.61257,47.37183,48.07555,47.50146,47.40886,46.77921,46.33476,47.11256,46.33476,46.42735,46.13105,45.76066,45.89030,44.76063,43.92727,42.77909,41.63091,40.50124,38.59378,37.46411,36.48260,35.96407,34.44550,34.68625,34.46402,34.70477,34.29735,33.53807,32.85286,32.40840,31.18614,30.42686,29.98240,29.50091,27.63048,27.00083,26.24155,25.81561,24.90817,24.14889,23.72295,23.33405
2007,Surry Hills 33_11kV,14FEB2007,MW,22.83403,22.11179,21.85252,21.63029,21.72289,21.24139,20.98213,20.77842,20.51915,20.37100,20.37100,19.94506,20.00061,20.24136,19.72283,19.90802,20.00061,20.18581,20.29692,20.70434,21.70437,22.05623,22.07475,23.66739,25.00077,25.87116,27.83419,30.35278,33.27880,34.96404,37.22337,38.46414,41.07534,41.85314,43.77912,45.11250,45.51992,46.11253,45.63103,45.81622,46.90885,47.40886,46.94589,47.18663,46.59402,47.18663,46.76070,46.92737,47.55702,47.40886,47.87184,47.68665,47.89036,48.11259,48.22370,48.53853,48.81631,48.55705,48.35334,48.37186,47.96444,48.18666,48.27926,47.61257,47.46442,47.09404,46.74218,46.48291,45.55695,45.53844,43.66801,42.13092,39.96419,38.59378,37.81598,37.13077,35.79740,35.63072,35.00107,35.09367,35.01959,34.26031,33.50103,32.72323,31.53801,30.96391,30.51946,30.09352,28.27865,27.55640,27.05639,26.37118,25.68597,24.87113,24.33408,24.24149
2007,Surry Hills 33_11kV,15FEB2007,MW,23.31553,22.87107,22.63032,22.33402,22.33402,22.01919,21.51918,21.42658,21.18584,20.94509,20.74138,20.55619,20.50063,20.11173,20.22284,20.51915,20.85249,20.55619,20.88953,21.46362,22.05623,22.74144,22.96367,23.96370,25.88968,26.81564,28.92681,31.01947,34.37143,36.29741,37.92709,39.74196,41.44572,42.74205,43.98283,45.46436,46.44587,46.77921,47.16812,47.03848,48.26074,47.89036,48.53853,48.61260,49.68671,49.07558,49.63115,49.40892,49.31633,49.53856,49.13114,49.74227,49.22373,49.22373,49.35337,49.22373,50.00154,50.00154,49.72375,49.87190,49.52004,49.61263,49.20521,48.50149,48.89039,48.13111,48.05703,47.51998,46.57550,45.46436,44.79767,43.61245,40.42717,40.22346,38.74193,38.51970,36.77891,36.79743,37.03817,36.81595,36.33445,35.83443,35.16775,33.81585,32.64915,32.61211,31.55652,31.44541,29.31572,28.77866,28.05642,27.35269,26.44526,25.79709,25.42671,24.70446
2007,Surry Hills 33_11kV,16FEB2007,MW,24.20445,23.63036,23.33405,23.16738,23.16738,22.94515,22.40810,22.33402,22.42661,22.00068,21.40806,21.48214,21.46362,21.38955,21.48214,21.77845,21.55622,21.70437,22.20439,22.40810,22.87107,23.72295,24.16741,24.96373,27.31565,28.07494,30.63057,32.98249,36.09370,36.76039,39.55677,41.01978,43.00132,44.72360,45.42732,46.51995,47.16812,47.90888,48.61260,49.66819,49.44596,49.90894,50.14969,50.55711,50.74230,50.44599,50.85341,50.53859,50.70526,50.48303,50.81638,50.72378,50.64970,50.57563,50.90897,50.61267,50.81638,50.22376,50.02005,49.81634,48.89039,48.44593,48.52001,48.18666,47.59405,47.01996,46.79773,46.31624,45.24213,44.26062,43.22355,41.51979,38.77897,37.79746,36.61224,35.88999,34.81588,34.77885,35.18627,35.20478,34.33439,33.90845,33.31584,32.79730,31.44541,31.09355,30.55649,30.24167,28.35272,28.33420,27.55640,26.57489,26.37118,26.09339,25.40819,24.68594
2007,Surry Hills 33_11kV,17FEB2007,MW,24.18593,23.63036,23.24145,22.88959,22.79700,22.74144,22.14883,21.90808,21.66733,21.35251,21.31547,21.01916,20.90805,20.83397,20.63026,20.77842,20.75990,20.64878,20.46359,20.57471,20.90805,21.01916,21.18584,21.48214,21.74141,22.44513,22.94515,24.05629,24.88965,25.22300,26.70452,27.66752,28.22309,28.76014,29.55646,30.55649,31.46393,32.01950,32.79730,33.01953,32.92694,33.44547,33.77882,33.98253,34.05660,34.13068,33.64918,33.94549,33.77882,33.90845,33.66770,33.48251,33.50103,33.16769,33.24176,32.70471,32.50100,33.09361,32.72323,32.59359,32.55656,32.51952,32.20469,32.24173,32.03802,32.20469,31.64912,31.53801,31.27874,30.88984,31.09355,30.98243,30.31575,30.03796,29.55646,29.22312,28.85274,29.26016,28.87126,29.22312,29.35275,28.98237,28.94533,28.96385,28.33420,28.35272,27.74159,27.59344,26.94527,26.40822,26.66749,26.05636,25.77857,25.44523,25.03781,24.77854
2007,Surry Hills 33_11kV,18FEB2007,MW,24.55631,24.00074,23.98222,23.90814,23.74147,23.63036,23.11182,22.77848,22.27846,22.07475,21.63029,21.37103,21.40806,21.40806,21.31547,21.13028,21.25991,21.09324,21.24139,21.14880,21.16732,21.01916,21.35251,21.46362,22.24142,22.35254,22.33402,22.18587,22.57477,23.14886,23.66739,24.35260,24.74150,25.44523,25.66745,26.18599,26.70452,27.11194,27.68604,28.26013,28.53791,29.22312,28.81570,29.42683,29.38979,29.59350,29.53794,29.51943,29.81573,29.85277,29.87129,29.77869,29.46387,29.42683,29.46387,29.40831,29.03793,29.03793,29.42683,29.33423,29.85277,29.50091,29.55646,29.55646,29.53794,29.64906,29.29720,29.33423,29.03793,29.53794,29.20460,29.13052,29.01941,28.94533,29.05645,28.94533,28.55643,29.22312,29.35275,29.22312,29.81573,29.27868,28.88978,28.81570,28.37124,27.77863,27.33417,27.27862,26.50081,25.98228,25.61190,25.85265,24.70446,24.46371,23.98222,23.51924
2007,Surry Hills 33_11kV,19FEB2007,MW,23.25997,23.24145,22.42661,22.13031,22.31550,21.94512,21.61177,21.51918,21.50066,21.55622,21.05620,20.92657,20.85249,21.05620,21.07472,21.09324,21.07472,21.09324,21.20435,21.42658,22.44513,22.53773,23.20442,24.03778,25.83413,27.18602,29.79721,32.07506,35.57517,37.77894,39.90863,42.31611,43.79764,45.33473,46.70514,47.66813,49.39041,49.48300,49.76079,50.59415,51.14972,50.92749,50.96453,51.46454,51.16824,51.40899,51.79789,52.18679,51.90900,51.40899,51.74233,51.83493,51.44602,51.48306,51.70529,51.52010,51.53862,51.57566,51.42751,51.03860,50.44599,51.20528,50.96453,50.57563,50.18673,50.48303,49.40892,48.87187,47.33479,46.96441,44.83471,43.92727,41.07534,40.35309,39.26046,38.40859,37.61227,37.24188,37.55671,37.24188,36.74187,35.48257,35.00107,34.13068,32.63063,32.61211,31.98246,31.81579,29.00089,28.66755,27.68604,27.33417,26.55637,25.64894,25.24152,24.87113
2007,Surry Hills 33_11kV,20FEB2007,MW,23.68591,23.70443,23.09330,22.55625,22.77848,22.64884,22.27846,21.83400,21.68585,21.44510,21.09324,20.98213,20.74138,21.09324,21.38955,21.42658,21.75993,21.77845,21.92660,22.00068,22.98219,23.50072,23.83407,24.96373,27.03787,27.72307,30.27871,33.29732,36.76039,38.05672,40.68643,42.94576,44.59396,45.94586,47.00144,47.85332,48.81631,49.63115,50.27932,50.37192,51.22380,51.27935,52.03864,51.52010,51.66825,51.72381,51.90900,52.40902,52.20531,52.39050,51.92752,52.35346,51.66825,52.18679,52.20531,52.02012,52.16827,52.13123,51.96456,52.09419,51.68677,51.68677,51.85344,51.59418,51.03860,50.74230,50.24228,49.85338,48.61260,48.05703,46.81625,45.64955,42.61242,41.27905,39.50121,38.35303,36.90854,36.79743,36.51964,37.18633,36.27889,35.44553,35.09367,33.85289,32.94546,32.44544,31.92691,31.72320,29.51943,28.94533,27.77863,27.31565,26.66749,25.90820,25.22300,24.57483
2007,Surry Hills 33_11kV,21FEB2007,MW,24.40816,24.07481,23.64887,23.55628,23.27849,22.81552,22.77848,22.33402,22.11179,21.83400,21.53770,21.50066,21.18584,21.33399,21.42658,21.57474,21.51918,21.75993,22.51921,22.42661,23.22294,23.77851,24.27852,25.00077,27.27862,27.76011,30.96391,33.35288,36.85298,38.44563,41.35312,42.77909,44.37173,46.14957,47.81628,48.55705,49.98302,50.53859,50.46451,50.90897,51.81641,52.22383,52.26086,52.63125,52.55717,52.20531,53.35349,53.02015,52.40902,53.35349,53.33497,52.77940,52.13123,52.26086,52.79792,52.76088,52.61273,,,52.33494,52.44606,52.37198,51.81641,51.66825,51.40899,50.92749,50.48303,49.89042,48.61260,48.35334,46.94589,45.96437,42.68650,41.46424,40.92718,39.96419,38.40859,38.16784,37.87153,38.11228,37.35300,36.40853,36.77891,35.26034,34.00104,33.18620,32.55656,31.98246,29.94536,29.09349,28.26013,27.74159,26.55637,25.66745,25.11188,24.90817
2007,Surry Hills 33_11kV,22FEB2007,MW,24.14889,23.98222,23.57480,23.14886,23.27849,22.64884,22.25994,22.07475,21.68585,21.83400,21.70437,21.25991,21.27843,21.40806,21.22287,21.50066,21.72289,21.66733,22.00068,22.18587,23.35257,23.79703,24.44520,25.09336,26.81564,27.81567,30.64909,33.35288,36.57520,37.70486,40.74199,42.72353,,,,,,,,,,,,,,,,,51.68677,51.57566,51.44602,51.18676,51.90900,51.37195,51.35343,51.02009,51.81641,51.57566,51.81641,51.74233,50.77934,50.59415,50.37192,49.87190,49.64967,49.16818,48.81631,48.44593,46.64958,45.92734,45.20509,43.66801,40.72347,39.63085,39.03824,38.07524,37.40856,36.77891,36.29741,37.01966,36.16778,35.13071,34.57514,33.96401,32.76027,32.74175,31.72320,31.14910,29.77869,28.76014,28.59347,27.50084,26.94527,26.16747,25.40819,25.20448
2007,Surry Hills 33_11kV,23FEB2007,MW,24.48223,23.96370,23.81555,23.33405,23.16738,22.81552,22.25994,22.13031,21.92660,21.77845,22.16735,21.50066,21.55622,21.87104,21.64881,21.85252,21.88956,21.83400,22.51921,22.63032,23.16738,24.07481,24.29704,25.11188,26.40822,28.29717,30.55649,32.90842,35.72332,37.42708,39.57529,41.27905,42.89021,43.92727,45.27917,46.37179,47.16812,47.76073,47.94592,48.79779,49.46448,50.31636,50.83489,50.83489,51.09416,50.83489,52.09419,51.90900,52.31642,52.13123,52.33494,52.61273,52.20531,52.40902,52.00160,52.27938,52.26086,51.81641,51.40899,51.55714,50.83489,50.35340,50.09413,49.64967,49.05706,48.50149,48.00147,47.18663,46.29772,45.53844,43.81616,41.96425,40.18642,39.05675,37.92709,36.81595,35.64924,35.05663,35.37146,35.85295,34.72329,34.48254,33.42695,32.53804,30.96391,30.79724,30.38982,30.51946,28.61199,28.00086,27.79715,27.26010,26.38970,25.90820,25.66745,24.72298
2007,Surry Hills 33_11kV,24FEB2007,MW,24.37112,23.77851,23.25997,23.20442,23.11182,22.77848,22.50069,21.94512,21.81548,21.55622,21.33399,21.03768,20.90805,20.81545,20.87101,20.87101,21.05620,20.96361,20.94509,21.05620,20.98213,21.22287,21.50066,21.81548,22.70440,23.25997,23.50072,23.98222,24.81558,25.63042,26.35266,26.87120,27.98234,28.59347,29.90833,30.09352,30.51946,31.46393,32.27877,32.63063,32.81582,33.20472,33.00101,33.87141,33.55659,34.70477,35.20478,35.09367,34.87144,34.31587,34.46402,34.13068,34.24179,34.09364,33.92697,33.94549,33.74178,33.38991,32.81582,32.14914,32.00098,32.18617,31.90839,31.70468,31.29726,31.13059,31.09355,31.38985,30.87132,30.76020,30.53797,30.79724,30.35278,30.26019,31.27874,30.66761,30.68613,31.00095,30.61205,29.85277,29.77869,30.03796,29.27868,29.26016,28.90830,28.13049,27.83419,27.63048,26.68600,26.48229,26.26007,25.50078,25.55634,25.03781,24.72298,24.64891
2007,Surry Hills 33_11kV,25FEB2007,MW,24.09333,23.87110,23.53776,23.31553,23.09330,22.57477,22.33402,22.25994,21.94512,21.61177,21.46362,21.37103,21.16732,21.01916,21.03768,21.24139,21.18584,21.14880,21.24139,20.92657,21.25991,21.42658,21.72289,21.94512,22.44513,22.75996,22.63032,22.46365,22.55625,23.38961,23.37109,23.90814,24.38964,24.79706,25.64894,25.79709,25.64894,26.50081,26.16747,26.77860,27.53788,28.00086,27.98234,27.96382,28.33420,28.48236,28.46384,28.76014,28.42680,28.53791,28.57495,28.46384,28.09346,28.31568,28.48236,28.11197,27.63048,27.48233,27.66752,27.46381,27.63048,27.79715,27.79715,28.46384,28.01938,28.20457,28.20457,28.14901,27.76011,28.20457,28.40828,27.83419,27.92678,27.92678,27.96382,28.29717,28.38976,28.64903,28.57495,28.77866,28.94533,28.57495,28.11197,28.01938,27.53788,27.26010,26.98231,26.85268,25.81561,25.77857,25.01929,24.98225,24.24149,23.74147,23.48220,22.66736
2007,Surry Hills 33_11kV,26FEB2007,MW,22.48217,21.70437,21.70437,21.53770,21.55622,21.09324,20.96361,20.96361,20.74138,20.59323,20.38952,20.31544,20.20432,20.46359,20.24136,20.88953,20.50063,20.72286,20.92657,21.29695,21.66733,22.05623,22.75996,23.57480,25.26003,26.46378,29.63054,31.03799,34.00104,36.16778,39.01972,39.63085,41.44572,42.26056,43.66801,44.16802,45.70511,45.83474,46.39031,46.59402,46.72366,47.20515,46.44587,46.98292,47.22367,47.07552,47.53850,47.27923,47.83480,46.96441,47.22367,47.81628,47.57554,47.22367,47.57554,47.46442,47.42738,46.85329,47.09404,47.35331,47.05700,46.31624,46.16808,45.77918,46.27920,45.05694,45.16805,44.18654,43.70505,43.11244,41.63091,40.63088,38.76045,38.03821,37.22337,37.61227,37.11225,36.44556,36.55668,35.98259,34.79736,33.64918,33.29732,32.37136,31.14910,30.76020,30.35278,29.50091,27.57492,26.81564,26.11191,25.68597,24.88965,24.44520,23.75999,23.13034
2007,Surry Hills 33_11kV,27FEB2007,MW,22.63032,22.37106,21.88956,21.77845,21.37103,21.33399,20.96361,20.68582,20.70434,20.53767,20.40803,20.33396,20.13025,20.55619,20.29692,20.22284,20.50063,20.44507,20.85249,21.14880,21.94512,22.40810,22.38958,24.00074,25.40819,26.74156,29.13052,30.76020,33.79733,35.14923,38.24192,40.05679,41.29756,42.42723,43.29763,44.64952,45.05694,46.31624,46.72366,46.64958,47.20515,47.70517,47.29775,48.00147,48.42741,48.85335,49.31633,48.87187,49.64967,49.61263,49.76079,49.74227,49.89042,49.26077,49.09410,49.22373,49.33485,49.31633,49.79783,49.90894,49.61263,48.90891,48.61260,48.18666,47.40886,47.66813,46.37179,46.03845,45.16805,45.64955,44.35321,43.22355,40.79755,40.11234,38.94564,38.33451,36.57520,36.64927,37.27892,37.14929,36.44556,35.09367,34.37143,33.87141,32.68619,31.96394,31.40837,31.40837,29.14904,28.55643,27.85271,27.09342,26.00080,25.46374,25.00077,24.13037
2007,Surry Hills 33_11kV,28FEB2007,MW,23.85258,23.55628,22.96367,22.87107,22.68588,22.29698,22.16735,21.83400,21.50066,21.24139,20.85249,20.92657,20.75990,20.72286,20.87101,21.11176,21.01916,21.38955,21.57474,21.81548,22.57477,23.07478,23.46368,24.55631,26.33414,27.77863,29.63054,31.88987,35.29738,37.01966,39.24195,41.44572,43.39022,45.57547,46.00141,47.59405,48.64964,49.26077,49.68671,50.09413,50.52007,50.57563,50.98305,50.81638,51.48306,51.27935,51.26083,50.59415,51.27935,51.87196,51.59418,51.61270,51.81641,52.09419,51.74233,51.37195,50.83489,50.81638,50.70526,50.44599,50.02005,50.39044,50.00154,49.44596,49.02002,48.31630,47.87184,47.16812,46.46439,45.50140,44.96434,43.72356,41.39016,40.57532,39.39010,38.61230,37.50115,37.64930,37.76042,37.11225,35.63072,35.22330,34.46402,32.94546,32.03802,31.74172,30.61205,29.90833,28.14901,27.20454,26.50081,25.96376,25.18596,24.74150,24.13037,23.38961
2007,Surry Hills 33_11kV,01MAR2007,MW,23.20442,22.61181,22.07475,22.16735,21.81548,21.57474,21.38955,20.81545,20.83397,20.79693,20.37100,20.18581,20.25988,20.11173,20.46359,20.37100,20.64878,20.98213,21.18584,21.27843,22.03771,22.44513,23.46368,23.70443,26.18599,26.94527,29.20460,31.13059,34.64921,35.63072,38.42711,39.68640,41.26053,42.90873,44.07543,45.39028,45.66807,46.64958,46.85329,47.44590,48.29778,48.09407,48.52001,48.61260,48.89039,48.90891,49.50152,50.02005,50.61267,50.77934,50.48303,50.70526,50.50155,51.24231,51.39047,52.00160,52.24235,51.31639,51.20528,50.66822,49.98302,50.22376,49.68671,49.55708,48.87187,48.57557,47.20515,46.83477,46.01993,45.61251,43.87172,42.70502,40.16790,39.72344,39.13083,38.16784,37.31596,37.35300,37.46411,36.53816,35.76036,35.05663,34.01956,33.09361,32.16765,31.42689,31.07503,30.57501,28.55643,28.16753,27.11194,26.64897,25.81561,25.11188,24.55631,24.01926
2007,Surry Hills 33_11kV,02MAR2007,MW,23.61184,23.25997,22.68588,20.87101,20.87101,20.61174,20.94509,20.42655,20.03765,19.81542,19.83394,19.31541,19.50060,20.87101,21.24139,20.94509,20.98213,21.31547,21.44510,21.79697,22.48217,22.94515,23.85258,24.68594,26.70452,27.76011,30.07500,32.14914,34.87144,36.16778,38.26043,39.90863,41.05682,43.42726,45.16805,45.07546,46.35328,46.77921,46.94589,47.51998,48.52001,49.13114,49.14966,49.46448,49.87190,50.18673,49.94598,50.55711,49.92746,50.42747,50.52007,50.55711,50.35340,51.09416,50.31636,50.44599,50.79786,50.18673,50.59415,49.98302,50.13117,49.53856,49.44596,49.14966,49.02002,48.96447,48.68668,48.01999,47.31627,45.89030,44.57544,42.81613,39.70492,38.51970,37.61227,36.61224,35.46405,35.55665,35.92703,35.42701,35.09367,34.29735,32.98249,32.87138,31.88987,31.61208,31.24170,30.38982,28.53791,28.51939,27.63048,26.68600,26.55637,25.96376,25.77857,25.26003
2007,Surry Hills 33_11kV,03MAR2007,MW,24.57483,24.11185,23.70443,23.55628,23.40813,23.11182,22.74144,22.51921,21.72289,21.61177,21.51918,21.31547,21.37103,21.00064,21.14880,21.13028,20.72286,20.79693,20.85249,21.22287,21.27843,21.07472,21.38955,21.68585,22.63032,23.27849,23.44516,24.05629,25.31559,25.81561,26.83416,27.11194,28.29717,29.01941,29.70462,30.55649,31.22318,31.92691,32.13062,32.76027,33.66770,34.00104,34.24179,34.31587,35.07515,35.76036,35.85295,35.74184,35.53813,35.44553,35.44553,35.61220,35.29738,35.37146,35.14923,35.35294,35.35294,35.16775,34.87144,34.85292,34.37143,34.51958,34.22327,34.59365,34.38994,33.63066,34.13068,33.81585,33.33436,33.14917,33.03805,32.81582,31.85283,31.83431,31.27874,30.64909,30.59353,30.24167,31.07503,30.66761,30.81576,30.03796,29.76017,29.50091,28.88978,28.42680,28.53791,27.98234,27.14898,27.09342,27.00083,27.01935,26.50081,26.44526,26.01932,25.42671
2007,Surry Hills 33_11kV,04MAR2007,MW,25.26003,24.87113,24.61187,24.33408,23.92666,23.79703,23.44516,23.03774,22.98219,22.42661,22.01919,22.01919,22.11179,21.83400,21.90808,21.94512,21.90808,21.64881,21.77845,21.75993,21.77845,22.00068,22.20439,22.29698,23.09330,23.35257,22.96367,23.07478,23.55628,24.07481,24.55631,24.90817,25.98228,26.00080,26.37118,26.83416,27.22306,27.51936,27.70455,28.40828,29.14904,30.31575,30.13055,29.96388,30.26019,30.48242,30.87132,31.37133,31.35281,31.77875,31.87135,31.48245,31.66764,31.63060,31.76023,32.01950,31.79727,32.24173,31.88987,31.77875,31.74172,31.64912,31.68616,32.35285,31.98246,31.85283,31.53801,31.77875,31.51949,31.20466,31.50097,31.22318,31.29726,31.24170,31.29726,31.51949,31.13059,31.77875,32.13062,31.74172,31.37133,30.98243,30.88984,30.13055,30.05648,29.92684,29.46387,29.42683,28.61199,28.22309,27.57492,26.70452,25.76005,24.85262,24.72298,23.85258
2007,Surry Hills 33_11kV,05MAR2007,MW,23.75999,23.57480,22.63032,22.64884,22.40810,22.24142,22.13031,22.09327,21.66733,21.63029,21.77845,21.25991,21.48214,21.42658,21.40806,21.66733,21.44510,21.85252,21.72289,21.87104,22.83403,23.38961,23.74147,24.87113,27.13046,28.68607,31.05651,33.59362,36.63075,38.48266,41.16793,43.29763,44.42729,46.35328,47.57554,48.50149,50.13117,50.61267,50.98305,51.72381,49.68671,49.92746,49.87190,50.18673,51.44602,51.63122,51.29787,51.74233,51.55714,51.92752,51.59418,52.35346,50.46451,50.05709,49.61263,50.05709,49.64967,49.59412,49.44596,50.16821,50.00154,49.66819,49.50152,49.22373,48.96447,48.76076,48.07555,47.92740,47.24219,46.42735,45.00138,42.83465,39.98271,39.61233,39.13083,38.72341,37.26040,36.89002,36.68631,35.55665,34.63069,33.66770,33.22324,32.76027,31.03799,30.29723,30.09352,29.18608,27.42677,26.92675,26.13043,25.38967,24.46371,23.87110,23.44516,22.85255
2007,Surry Hills 33_11kV,06MAR2007,MW,22.29698,22.42661,21.61177,21.40806,21.50066,21.01916,21.01916,20.79693,20.50063,20.48211,20.07469,19.77839,19.70431,20.05617,19.64875,19.81542,19.83394,20.09321,20.44507,20.83397,21.63029,22.07475,22.92663,23.48220,25.27855,26.07487,28.70459,30.57501,32.74175,35.11219,37.40856,38.61230,40.51976,42.31611,42.79761,43.26059,44.35321,44.44581,45.98289,45.53844,45.92734,46.29772,46.51995,46.48291,47.39034,47.09404,47.90888,48.09407,47.96444,48.00147,48.16815,47.42738,47.87184,47.92740,47.66813,47.61257,47.90888,47.81628,47.79776,47.29775,46.90885,46.72366,46.46439,47.27923,46.26068,45.72363,45.24213,45.29769,44.57544,44.14950,43.16799,40.96422,38.16784,37.05669,37.16781,36.24185,35.42701,35.70480,35.92703,35.42701,33.87141,33.48251,32.50100,32.31581,30.64909,30.20463,29.53794,28.51939,27.14898,26.98231,26.38970,25.01929,24.90817,24.09333,23.81555,22.92663
2007,Surry Hills 33_11kV,07MAR2007,MW,22.11179,21.88956,21.44510,21.37103,21.51918,20.98213,20.55619,20.20432,20.00061,20.16729,19.81542,19.40800,19.55616,19.42652,19.46356,19.59319,19.27837,19.72283,20.14877,20.27840,21.03768,21.72289,22.40810,23.68591,25.13040,26.18599,27.94530,30.29723,33.35288,34.79736,37.57523,38.83453,40.59384,41.59387,43.01984,44.14950,44.94582,45.22361,45.18657,46.14957,,,,,,,,,,,,,46.68662,46.96441,,,,,,,,46.55699,46.61254,46.48291,46.01993,45.33473,45.14953,44.20506,43.59393,43.46430,41.83462,41.03830,38.96416,38.03821,37.50115,36.57520,36.35297,35.53813,36.55668,35.42701,34.53810,34.29735,32.83434,32.26025,31.64912,30.90836,30.16759,29.66758,28.00086,27.16750,26.72304,25.59338,24.74150,23.94518,23.59332,23.20442
2007,Surry Hills 33_11kV,08MAR2007,MW,22.72292,22.75996,21.79697,21.77845,21.63029,21.11176,20.88953,20.51915,20.46359,20.72286,20.20432,19.66727,19.85246,19.87098,19.79690,19.87098,19.94506,20.33396,20.66730,20.61174,21.87104,21.81548,22.79700,23.40813,25.61190,26.61193,28.64903,30.63057,33.55659,35.64924,38.05672,39.50121,41.05682,,,,,,,,,,,,,,,50.90897,50.53859,50.81638,,,,,,,,,,,51.42751,50.77934,51.16824,50.39044,50.52007,50.03857,49.72375,48.31630,47.00144,46.66810,45.50140,43.57541,40.90866,40.68643,39.29750,39.22343,37.66782,38.03821,37.11225,36.72335,35.59369,35.03811,34.14920,34.09364,32.68619,31.88987,31.16762,30.77872,28.76014,27.79715,26.88971,26.16747,25.27855,24.94521,24.09333,23.83407
2007,Surry Hills 33_11kV,09MAR2007,MW,23.13034,22.77848,22.55625,22.07475,21.92660,21.51918,21.11176,21.00064,20.81545,20.87101,20.24136,20.25988,20.05617,20.05617,20.11173,20.13025,20.25988,20.46359,20.59323,20.81545,21.51918,22.25994,22.83403,23.74147,25.44523,26.22303,28.31568,30.35278,33.11213,34.20475,37.01966,38.35303,39.44566,41.13089,41.79758,43.61245,43.33466,44.44581,43.98283,43.85320,45.01990,44.90879,44.64952,44.98286,45.98289,45.50140,45.57547,45.83474,46.27920,46.77921,46.35328,46.68662,46.55699,46.61254,46.59402,46.77921,46.74218,46.89033,46.74218,46.61254,46.37179,46.16808,46.13105,45.79770,45.76066,45.13102,44.81619,44.53840,43.11244,42.26056,40.76051,39.98271,36.85298,36.00111,34.76033,34.79736,33.48251,33.88993,34.05660,33.18620,32.31581,32.07506,30.96391,30.59353,29.24164,29.03793,28.29717,27.70455,26.48229,25.88968,25.00077,25.18596,24.14889,24.05629,23.20442,22.87107
2007,Surry Hills 33_11kV,10MAR2007,MW,22.74144,22.16735,22.05623,21.66733,21.64881,21.13028,20.53767,20.35248,20.59323,20.11173,19.79690,19.81542,19.57468,19.38948,19.44504,19.74135,19.44504,19.44504,19.38948,19.29689,19.63023,19.79690,20.05617,20.53767,21.01916,21.35251,21.81548,22.18587,22.87107,23.57480,23.85258,25.38967,26.00080,26.53785,27.16750,27.79715,28.37124,28.98237,29.14904,29.76017,29.70462,30.29723,30.27871,30.79724,30.81576,31.22318,30.81576,31.59356,31.27874,30.98243,31.18614,31.09355,30.59353,30.22315,30.59353,30.27871,30.20463,30.48242,30.07500,29.81573,29.26016,29.22312,29.11201,29.14904,29.26016,29.07497,28.98237,28.24161,28.44532,28.57495,28.66755,28.53791,27.70455,27.63048,27.70455,27.42677,27.18602,28.20457,28.18605,28.01938,27.42677,27.72307,27.38973,27.13046,26.50081,26.16747,26.09339,26.05636,25.27855,24.42668,24.24149,23.96370,23.55628,23.22294,22.83403,22.79700
2007,Surry Hills 33_11kV,11MAR2007,MW,22.35254,22.05623,22.03771,21.48214,21.27843,20.59323,20.50063,20.44507,20.05617,19.92654,19.63023,19.75987,19.25985,19.46356,19.40800,19.40800,19.38948,19.24133,19.20429,19.20429,19.31541,19.29689,19.75987,19.83394,20.29692,20.59323,20.38952,20.31544,20.85249,20.88953,21.44510,22.24142,22.50069,23.22294,23.64887,24.16741,24.72298,25.35263,26.00080,25.92672,26.66749,27.00083,27.40825,27.70455,27.53788,27.74159,28.31568,28.33420,28.27865,27.94530,27.92678,27.61196,27.72307,27.88975,27.83419,27.88975,27.48233,28.03790,27.98234,27.70455,28.18605,27.66752,27.88975,27.90826,27.76011,28.37124,28.24161,28.05642,28.44532,28.53791,28.29717,28.09346,27.87123,27.81567,28.27865,28.46384,28.66755,28.94533,29.38979,29.68610,28.77866,28.98237,28.44532,28.01938,27.72307,27.46381,26.90823,26.59341,26.00080,25.44523,25.09336,24.74150,24.00074,23.44516,23.09330,22.55625
2007,Surry Hills 33_11kV,12MAR2007,MW,22.37106,22.11179,21.85252,21.33399,21.37103,21.01916,20.83397,20.48211,20.16729,20.16729,20.22284,19.79690,19.79690,19.83394,19.83394,20.13025,20.03765,20.13025,20.16729,20.57471,21.57474,21.75993,22.29698,23.44516,25.27855,26.74156,29.18608,31.27874,34.50106,36.03814,38.55674,40.00123,42.44575,42.89021,43.96431,45.07546,46.26068,46.13105,46.39031,46.76070,46.98292,46.94589,47.68665,47.33479,48.48297,47.46442,48.24222,48.09407,47.63109,47.44590,47.92740,48.01999,47.81628,47.42738,47.44590,47.42738,47.37183,48.09407,47.24219,47.42738,47.16812,46.50143,46.64958,46.16808,46.11253,45.26065,45.46436,44.89027,43.87172,43.81616,42.11240,40.94570,38.50118,37.68634,36.77891,36.46408,36.00111,35.85295,35.79740,35.22330,34.70477,34.13068,33.14917,32.35285,31.16762,30.01944,29.29720,28.79718,26.98231,25.87116,25.31559,24.70446,23.92666,23.16738,22.53773,22.29698
2007,Surry Hills 33_11kV,13MAR2007,MW,21.81548,21.72289,21.68585,21.20435,21.24139,21.01916,20.63026,20.51915,20.40803,20.03765,19.77839,19.66727,19.46356,19.48208,19.40800,19.18577,19.25985,19.66727,19.75987,20.22284,20.96361,21.40806,22.27846,23.24145,25.03781,25.55634,28.01938,30.81576,33.13065,35.01959,37.13077,38.44563,39.76048,42.16796,42.22352,42.66798,43.79764,45.16805,45.09398,45.27917,45.55695,45.83474,45.68659,45.79770,47.03848,46.29772,46.03845,45.72363,46.11253,46.14957,45.89030,46.72366,45.89030,45.46436,45.55695,45.50140,46.22364,45.26065,45.64955,44.96434,44.90879,44.90879,44.66804,44.74211,44.01987,44.00135,43.51986,42.83465,42.68650,41.68647,40.92718,39.64937,37.53819,36.83446,35.79740,35.24182,34.24179,34.50106,35.03811,33.70474,32.87138,32.48248,31.66764,31.26022,30.05648,29.50091,28.38976,28.03790,26.48229,25.55634,25.11188,24.20445,23.40813,22.92663,22.74144,22.11179
2007,Surry Hills 33_11kV,14MAR2007,MW,21.63029,21.27843,20.94509,20.55619,20.27840,20.14877,20.01913,19.75987,19.53764,19.55616,19.09318,18.98206,18.94503,19.11170,18.79687,19.07466,19.05614,19.18577,19.40800,19.75987,20.38952,20.75990,22.00068,22.61181,24.37112,24.96373,27.26010,29.59350,31.76023,33.57511,35.13071,36.59372,38.14932,39.63085,40.61236,41.89018,42.70502,43.33466,44.00135,44.63100,44.87175,45.31621,45.72363,45.70511,46.20512,45.90882,46.66810,46.48291,45.92734,46.61254,46.31624,47.01996,46.76070,46.53847,46.70514,47.14960,46.94589,47.13108,46.94589,47.13108,46.89033,47.24219,46.55699,46.61254,46.61254,46.64958,46.74218,45.14953,44.16802,43.59393,42.40871,40.96422,38.92712,37.46411,36.22333,35.96407,34.98256,35.14923,35.55665,35.22330,34.11216,33.33436,32.81582,31.92691,30.90836,30.11204,29.53794,29.03793,27.18602,26.09339,25.63042,25.05633,23.85258,23.90814,22.81552,22.59329
2007,Surry Hills 33_11kV,15MAR2007,MW,22.18587,21.79697,21.13028,21.01916,20.83397,20.35248,20.20432,20.11173,19.92654,19.50060,19.57468,19.40800,19.18577,19.22281,19.20429,19.68579,19.37097,19.25985,19.50060,19.83394,20.68582,21.07472,22.11179,22.85255,24.61187,25.44523,27.57492,30.03796,32.68619,34.27883,36.63075,37.81598,39.76048,41.14941,42.20500,43.76060,44.07543,44.94582,45.64955,46.29772,46.94589,46.92737,47.29775,47.35331,48.03851,48.27926,47.81628,47.96444,48.50149,48.24222,48.31630,48.18666,48.98299,48.63112,48.89039,49.61263,48.87187,48.52001,48.76076,48.14963,48.24222,48.00147,48.01999,48.53853,47.74221,47.53850,47.40886,46.64958,45.94586,44.92731,43.61245,42.29760,40.03827,38.26043,37.59375,36.55668,35.74184,36.55668,36.16778,36.01962,34.61217,34.40846,33.77882,33.33436,32.01950,31.42689,30.87132,30.24167,28.22309,27.55640,26.96379,26.09339,25.13040,24.48223,23.55628,23.38961
2007,Surry Hills 33_11kV,16MAR2007,MW,23.09330,22.61181,22.37106,22.01919,21.90808,21.48214,21.20435,20.98213,20.61174,20.37100,20.53767,20.16729,19.92654,20.07469,19.90802,19.98210,20.01913,20.05617,20.40803,20.83397,21.51918,22.42661,23.09330,23.92666,26.09339,26.77860,29.05645,31.07503,34.55662,36.00111,38.48266,40.55680,41.13089,43.68653,45.00138,45.92734,47.48294,47.63109,48.61260,48.98299,50.00154,50.61267,49.98302,50.76082,51.14972,50.96453,51.81641,51.89048,51.92752,52.57569,52.94607,53.16830,52.94607,52.72384,52.72384,52.66828,52.29790,52.26086,51.53862,51.98308,51.53862,51.09416,50.52007,49.96450,49.42744,49.39041,48.70520,48.01999,47.07552,45.89030,44.89027,43.53837,40.42717,39.85308,38.76045,37.66782,36.90854,36.76039,36.55668,36.09370,35.57517,34.64921,34.13068,33.26028,32.66767,31.44541,31.33430,30.33426,28.72310,28.35272,28.07494,27.05639,26.94527,25.92672,25.83413,25.18596
2007,Surry Hills 33_11kV,17MAR2007,MW,24.46371,24.38964,24.20445,23.83407,23.38961,23.22294,22.88959,22.68588,22.40810,22.16735,21.81548,21.63029,21.59326,21.96364,21.68585,21.50066,21.63029,21.51918,21.59326,21.64881,22.03771,21.92660,21.83400,22.44513,23.09330,23.63036,24.18593,24.94521,25.88968,27.00083,27.59344,28.38976,28.81570,29.48239,30.00092,31.18614,31.14910,32.42692,33.18620,34.29735,34.27883,34.07512,34.20475,34.96404,35.11219,35.13071,35.37146,34.76033,34.74181,34.79736,34.26031,34.81588,34.37143,33.83437,34.18624,34.11216,34.26031,34.05660,34.03808,33.55659,32.94546,33.38991,32.55656,32.79730,32.01950,31.48245,31.61208,31.31578,31.01947,31.05651,30.48242,30.46390,29.07497,29.16756,30.16759,29.57498,29.79721,30.05648,29.35275,29.07497,28.55643,28.46384,27.92678,27.85271,27.05639,27.13046,26.90823,26.40822,25.87116,25.50078,25.37115,24.33408,24.07481,24.09333,23.57480,23.14886
2007,Surry Hills 33_11kV,18MAR2007,MW,23.00071,22.96367,22.46365,22.20439,22.05623,21.59326,21.59326,21.22287,20.77842,20.59323,20.53767,20.25988,20.14877,20.25988,20.01913,19.94506,19.87098,19.90802,20.03765,20.20432,20.14877,20.09321,20.33396,20.63026,21.66733,21.70437,21.77845,22.20439,22.14883,22.11179,23.03774,23.03774,23.61184,24.48223,24.44520,24.98225,25.79709,25.72301,26.09339,26.70452,26.96379,27.40825,27.70455,27.48233,27.85271,27.83419,28.66755,28.24161,27.87123,28.27865,27.98234,27.79715,28.18605,27.85271,27.79715,27.68604,28.09346,28.05642,27.79715,27.66752,27.33417,27.22306,27.50084,27.40825,27.48233,27.77863,27.29713,27.76011,27.50084,27.66752,27.87123,27.87123,27.83419,28.18605,28.94533,29.44535,28.76014,29.13052,28.55643,28.40828,28.13049,27.79715,27.76011,27.61196,26.63045,26.44526,26.18599,25.96376,25.42671,24.85262,24.29704,23.77851,23.11182,22.83403,22.50069,22.13031
2007,Surry Hills 33_11kV,19MAR2007,MW,21.81548,21.66733,21.46362,21.35251,21.24139,20.77842,20.55619,20.35248,20.22284,20.16729,19.90802,19.64875,19.22281,19.72283,19.87098,20.03765,20.01913,20.24136,20.37100,20.68582,21.77845,22.16735,22.70440,23.27849,25.70449,27.35269,29.53794,31.50097,34.98256,36.01962,39.35306,41.05682,41.92721,44.05691,45.01990,46.83477,47.29775,48.18666,48.01999,48.29778,49.00150,49.26077,49.42744,49.26077,49.66819,49.76079,49.90894,49.53856,49.09410,49.42744,49.46448,49.50152,49.59412,49.57560,49.92746,49.66819,49.48300,49.48300,49.50152,49.48300,48.37186,48.48297,47.76073,48.27926,47.59405,47.07552,47.39034,46.50143,45.42732,44.57544,44.57544,42.20500,40.50124,40.24198,39.05675,38.81601,37.94561,37.31596,37.26040,36.57520,35.74184,35.03811,33.90845,32.92694,32.44544,31.13059,30.70465,30.27871,28.79718,27.50084,26.85268,25.98228,25.29707,24.98225,23.98222,23.29701
2007,Surry Hills 33_11kV,20MAR2007,MW,22.98219,22.75996,22.27846,22.37106,22.18587,21.68585,21.37103,21.24139,21.00064,21.00064,20.98213,20.29692,20.42655,20.03765,20.51915,20.90805,20.63026,20.75990,21.37103,21.48214,21.88956,22.85255,23.55628,24.42668,26.88971,27.90826,30.38982,32.72323,35.18627,36.98262,39.16787,41.66795,43.50134,44.90879,45.76066,47.31627,48.83483,50.16821,49.44596,,,,,,,,,,,,,,,,,,,,,,52.70532,52.40902,52.63125,51.52010,51.76085,51.16824,50.76082,50.24228,49.59412,48.77928,47.24219,45.92734,42.92724,41.42720,40.24198,40.18642,38.81601,38.33451,38.18636,37.29744,36.11222,35.18627,34.74181,33.83437,32.98249,31.66764,31.27874,30.53797,28.48236,27.85271,27.33417,26.61193,26.09339,25.64894,24.90817,24.51927
2007,Surry Hills 33_11kV,21MAR2007,MW,24.07481,23.64887,23.09330,23.13034,22.74144,22.50069,21.92660,22.09327,21.88956,21.50066,21.46362,21.07472,21.11176,21.29695,21.01916,21.00064,21.22287,21.51918,22.07475,21.92660,22.77848,23.64887,24.40816,25.20448,27.59344,28.51939,31.01947,33.27880,36.81595,38.46414,40.89014,42.39019,43.87172,45.53844,46.55699,48.29778,49.11262,49.40892,50.24228,50.77934,50.57563,51.18676,51.87196,51.94604,52.83496,53.02015,53.20534,53.02015,53.61276,53.18682,53.26089,53.59424,53.59424,53.46460,53.40905,53.24238,53.46460,53.18682,53.11274,52.39050,51.79789,51.61270,51.53862,51.11268,50.74230,50.29784,50.05709,48.59408,48.44593,47.89036,46.57550,45.39028,42.94576,41.94573,40.89014,40.96422,39.89011,39.81604,39.29750,38.59378,37.31596,36.48260,35.79740,34.85292,33.66770,33.03805,32.57507,31.31578,29.74165,29.29720,28.01938,27.76011,26.59341,25.68597,25.31559,24.79706
2007,Surry Hills 33_11kV,22MAR2007,MW,24.01926,23.90814,23.27849,23.51924,23.05626,22.55625,22.14883,22.18587,21.88956,21.57474,21.55622,21.25991,21.05620,21.11176,21.09324,21.44510,21.74141,21.92660,22.13031,22.55625,22.96367,23.72295,24.40816,25.24152,27.85271,28.46384,31.11207,33.24176,36.16778,38.31599,41.20497,42.87169,45.24213,45.74215,47.85332,48.44593,49.55708,50.18673,50.14969,51.18676,51.42751,51.70529,52.24235,53.05718,53.13126,53.68683,54.20537,54.00166,54.42760,54.40908,53.87202,54.40908,54.66835,54.52019,54.50167,54.53871,54.07573,54.20537,54.11277,53.77943,53.59424,53.18682,53.35349,53.16830,52.79792,51.92752,50.77934,50.03857,49.29781,48.16815,47.59405,46.13105,42.81613,41.96425,40.90866,40.33457,39.59381,38.98268,38.72341,38.20488,36.81595,36.39001,35.27886,35.03811,33.68622,33.18620,32.79730,32.09358,30.53797,29.88981,29.24164,28.29717,27.27862,26.66749,26.16747,25.77857
2007,Surry Hills 33_11kV,23MAR2007,MW,24.83410,24.11185,23.94518,23.51924,23.50072,23.01923,22.83403,22.40810,22.42661,22.05623,21.87104,21.72289,21.61177,21.72289,21.44510,21.51918,21.79697,22.05623,22.38958,22.68588,23.00071,23.88962,24.88965,25.63042,28.33420,29.24164,31.29726,33.70474,36.68631,38.66785,40.44569,42.77909,44.85323,46.81625,48.29778,48.50149,49.37189,50.24228,50.98305,51.31639,51.70529,52.31642,52.07567,51.46454,52.16827,53.05718,52.46457,52.50161,52.53865,52.66828,52.92755,52.83496,52.77940,52.79792,52.85347,52.85347,52.31642,52.52013,52.74236,52.29790,52.02012,51.89048,51.55714,51.89048,51.27935,50.96453,50.11265,49.77931,48.09407,47.35331,46.37179,44.96434,41.46424,40.46421,38.89008,38.44563,38.11228,37.66782,37.64930,36.79743,35.48257,35.14923,34.00104,33.94549,32.37136,31.76023,31.26022,30.83428,29.38979,28.29717,27.66752,27.18602,26.88971,26.33414,25.42671,25.24152
2007,Surry Hills 33_11kV,24MAR2007,MW,24.57483,24.50075,24.00074,23.83407,23.50072,22.98219,22.68588,22.51921,22.50069,22.03771,21.87104,21.74141,21.40806,21.25991,21.22287,21.22287,21.20435,21.29695,21.27843,21.44510,21.55622,21.51918,21.72289,22.14883,23.07478,23.57480,24.16741,25.29707,25.90820,26.22303,27.09342,27.88975,28.40828,29.20460,29.55646,30.42686,31.01947,31.48245,32.79730,33.18620,33.40843,33.61214,34.05660,34.59365,34.48254,34.70477,34.46402,35.07515,35.20478,35.18627,34.87144,34.81588,34.76033,34.74181,34.74181,34.42698,34.83440,34.35291,34.61217,34.38994,34.16772,33.92697,33.70474,33.57511,33.11213,33.16769,32.76027,32.44544,32.48248,32.59359,33.33436,32.77878,32.24173,32.66767,32.57507,32.11210,31.64912,31.22318,31.05651,30.53797,30.09352,30.00092,29.00089,28.94533,28.00086,27.51936,26.98231,26.61193,25.66745,25.61190,25.35263,24.63039,24.13037,23.53776,23.24145,
2007,Surry Hills 33_11kV,25MAR2007,MW,,,,,,,,,,,,,,,,,,,,,,,,,,,,,,,,,,,,,,,,,,,,,,,,,,,,,,,,,,,,,,,,,,,,,,,,,,,,,,,,,,,,,,,,,,,,,,,,
2007,Surry Hills 33_11kV,26MAR2007,MW,,,,,,,,,,,,,,,,,,,,,,,,,,,,,,,,,,,,,,,,,,,,,,,,,,,,,,,,,,,,,,,,,,,,,,,,,,,,,,,,,,,,,,,,,,,,,,,,
2007,Surry Hills 33_11kV,27MAR2007,MW,,,,,,,,,,,,,,,,,,,,,,,,,,,,,,,,,,,,,,,,,,,,,,,,,,,,,,,,,,,,,,,,,,,,,,,,,,,,,,,,,,,,,,,,,,,,,,,,
2007,Surry Hills 33_11kV,28MAR2007,MW,,,,,,,,,,,,,,,,,,,,,,,,,,,,,,,,,,,,,,,,,,,,,,,,,,,,,,,,,,,,,,,,,,,,,,,,,,,,,,,,,,,,,,,,,,,,,,,,
2007,Surry Hills 33_11kV,29MAR2007,MW,,,,,,,,,,,,,,,,,,,,,,,,,,,,,,,,,,,,,,,,,,,,,,,,,,,,,,,,,,,,,,,,,,,,,,,,,,,,,,,,,,,,,,,,,,,,,,,,
2007,Surry Hills 33_11kV,30MAR2007,MW,,,,,,,,,,,,,,,,,,,,,,,,,,,,,,,,,,,,,,,,,,,,,,,,,,,,,,,,,,,,,,,,,,,,,,,,,,,,,,,,,,,,,,,,,,,,,,,,
2007,Surry Hills 33_11kV,31MAR2007,MW,,,,,,,,,,,,,,,,,,,,,,,,,,,,,,,,,,,,,,,,,,,,,,,,,,,,,,,,,,,,,,,,,,,,,,,,,,,,,,,,,,,,,,,,,,,,,,,,
2007,Surry Hills 33_11kV,01APR2007,MW,,,,,,,,,,,,,,,,,,,,,,,,,,,,,,,,,,,,,,,,,,,,,,,,,,,,,,,,,,,,,,,,,,,,,,,,,,,,,,,,,,,,,,,,,,,,,,,,19.10255
2007,Surry Hills 33_11kV,02APR2007,MW,18.53921,18.45385,18.06122,18.06122,17.66858,17.53201,17.42959,17.03695,17.15645,16.95160,16.78088,16.86624,16.79796,16.74674,16.74674,16.79796,16.79796,17.07109,17.24180,17.68565,18.41971,19.18791,19.64883,20.45117,21.95343,23.23376,24.92380,26.11877,29.49885,30.54018,32.53750,34.03976,35.18352,36.73699,37.53933,39.36594,39.51958,40.61213,40.91941,41.19255,41.72175,42.13146,42.11439,42.35338,42.08024,42.02903,42.67773,42.64359,43.34350,43.20694,42.67773,43.36058,42.98501,43.18986,43.61664,44.02635,43.05330,43.58250,43.56543,43.56543,43.49714,42.98501,42.40459,42.37045,41.36326,41.44861,40.66334,40.49263,39.43422,38.76845,38.18803,37.31741,36.07122,35.37130,34.60311,34.48361,33.13499,32.82771,32.28144,31.68395,31.80345,29.94270,29.66956,29.29400,27.99659,27.05768,26.66505,26.11877,25.12865,24.18974,23.30204,23.04598,22.31192,21.57786,20.75845,20.58774
2007,Surry Hills 33_11kV,03APR2007,MW,19.99025,19.51226,19.18791,19.22205,18.84649,18.94891,18.65870,18.31728,18.18071,17.97586,17.80515,17.70272,17.75394,17.66858,17.68565,17.73687,17.85636,18.12950,18.04415,18.23193,19.13669,19.59761,20.58774,21.76564,23.62639,24.56530,26.44312,28.16730,31.58152,33.30570,34.62018,36.13950,37.72711,38.66603,39.57079,40.57799,41.29497,41.82418,41.41447,41.96075,42.79723,42.88259,42.83137,43.17279,43.53129,43.10451,43.56543,43.15572,43.17279,42.98501,42.66066,43.03622,43.34350,43.65078,43.29229,42.84844,42.86551,42.38752,42.31924,42.26803,42.45581,41.65347,41.46568,41.24376,40.74870,40.76577,40.15121,40.44142,38.71724,38.17096,38.59774,37.88075,36.24193,35.55909,34.89331,34.63725,33.28863,33.22035,32.77650,31.85466,30.89868,30.54018,29.78906,29.41349,28.18437,27.56981,26.57969,26.63090,24.46288,23.76296,23.11426,22.75577,22.15828,21.90221,21.39008,20.92916
2007,Surry Hills 33_11kV,04APR2007,MW,20.67309,20.07561,19.71711,19.47812,19.47812,19.15377,19.01720,18.70992,18.30021,18.31728,18.12950,18.04415,17.78808,17.89051,17.75394,17.71979,17.97586,18.19778,18.31728,18.72699,19.23912,19.76833,20.72431,21.54372,23.38740,24.44580,26.28948,28.30387,31.06939,32.81064,34.05683,35.66151,36.85649,37.96611,38.83674,39.63908,,,,,,,,,,,,,,,,,,,,,,,,,,43.07037,43.03622,42.02903,41.26083,41.05598,41.17548,40.25364,39.46837,39.55372,38.47824,37.77833,35.88344,35.30302,34.63725,34.29583,33.11792,32.93014,31.99123,31.78637,30.83039,30.55726,29.95977,29.14036,27.77467,27.09182,27.04061,26.35777,24.90672,24.36045,23.66053,23.13133,22.46556,21.79979,21.20230,20.55360
2007,Surry Hills 33_11kV,05APR2007,MW,20.00732,19.95611,19.25619,19.10255,19.00013,18.74406,18.41971,18.38557,17.95879,17.94172,17.65151,17.75394,17.53201,17.41251,17.48080,17.41251,17.65151,17.83929,17.99293,18.12950,18.82942,19.47812,20.26339,21.11694,22.51677,23.33618,25.06036,27.29668,29.78906,31.32546,33.32277,34.39825,35.71273,37.41984,37.84661,38.46117,39.53665,40.20242,40.32192,40.47556,40.86820,41.65347,41.38033,42.21681,42.16560,42.09731,42.48995,42.81430,42.96794,43.01915,42.96794,42.55823,42.45581,42.57531,41.56811,42.28510,41.31204,41.48276,41.49983,41.00476,41.22669,40.27071,39.99757,39.16109,38.58067,38.80259,38.46117,37.33448,37.59055,37.14670,36.49800,35.26888,33.51056,32.86185,32.05951,31.51324,30.65968,30.47190,29.85734,29.29400,28.54287,28.09902,26.81869,26.34070,25.72614,24.88965,24.37752,24.29216,23.28497,22.56798,21.88514,21.98757,21.73150,20.92916,20.62188,20.36581
2007,Surry Hills 33_11kV,06APR2007,MW,19.90489,19.34155,19.17084,18.79527,18.38557,18.06122,17.99293,17.80515,17.44666,17.29302,17.12231,17.29302,17.20766,17.00281,16.84917,16.76381,16.79796,17.01988,16.93452,17.25887,17.39544,17.75394,17.66858,18.26607,19.00013,19.25619,19.78540,20.46824,21.32179,21.71443,22.29485,22.96062,23.30204,23.45568,23.57518,23.72882,24.25802,24.73601,24.75308,25.17986,25.33350,25.93099,,,,,26.10170,26.25534,26.66505,26.23827,26.69919,26.23827,25.76028,25.87978,25.65785,25.76028,25.62371,25.89685,25.70907,25.33350,24.97501,25.26522,25.47007,25.24815,24.83844,25.41886,25.06036,25.35057,25.45300,25.24815,25.70907,25.99927,25.41886,25.62371,25.29936,24.82137,24.34338,24.41166,23.69468,23.62639,23.31911,23.09719,22.73870,22.27778,22.22656,22.05585,21.71443,21.71443,20.84380,20.63895,20.09268,20.16096,19.59761,19.58054,19.13669,19.15377
2007,Surry Hills 33_11kV,07APR2007,MW,18.84649,18.33435,18.04415,18.09536,17.63444,17.37837,17.15645,17.17352,17.08816,16.81503,16.59310,16.74674,16.57603,16.62724,16.42239,16.50775,16.71260,16.61017,16.76381,16.72967,16.72967,16.91745,17.01988,17.17352,17.66858,17.90758,18.21486,18.40264,19.18791,19.40983,19.81954,20.63895,21.04866,21.45836,21.97050,22.10707,22.80698,23.04598,22.67041,23.67761,23.43861,23.64346,23.52397,24.08731,23.91660,23.71175,23.71175,23.96781,23.86539,23.74589,23.66053,23.93367,23.47275,23.42154,23.16547,23.55811,23.23376,23.06305,23.06305,22.99476,22.97769,22.63627,22.96062,22.72162,22.84112,23.08012,23.19962,23.08012,22.67041,23.60932,24.01903,24.17267,24.12145,24.36045,24.17267,24.22388,23.76296,24.00196,23.71175,23.19962,23.19962,22.85819,22.82405,22.48263,21.95343,21.71443,21.62907,21.37301,21.16816,20.70724,20.55360,20.67309,20.26339,20.09268,20.05853,19.47812
2007,Surry Hills 33_11kV,08APR2007,MW,19.25619,19.23912,18.76113,18.41971,18.30021,18.06122,17.48080,17.19059,17.25887,16.90038,16.72967,16.72967,16.55896,16.62724,16.37118,16.31996,16.62724,16.37118,16.42239,16.69553,16.72967,16.67846,16.84917,17.24180,17.56615,17.27595,17.39544,17.70272,18.16364,18.48799,18.47092,19.37569,19.27326,19.64883,20.04146,20.65602,20.94623,21.30472,21.50958,21.91928,21.97050,21.93635,22.63627,22.15828,22.49970,22.34606,22.51677,22.61920,22.73870,22.55091,22.17535,22.19242,22.05585,21.97050,21.76564,21.47543,21.64615,21.69736,21.35594,21.61200,21.59493,21.42422,21.18523,21.40715,21.20230,21.37301,21.90221,21.76564,21.78271,21.90221,22.65334,23.47275,23.14840,23.26790,23.38740,23.16547,22.51677,22.84112,22.49970,22.58506,22.38020,22.05585,21.93635,21.76564,21.37301,21.13401,21.15108,21.13401,20.46824,20.31460,19.92197,19.78540,19.51226,19.39276,19.18791,19.03427
2007,Surry Hills 33_11kV,09APR2007,MW,18.52214,18.24900,18.24900,17.60030,17.48080,17.46373,17.32716,16.88331,16.91745,16.72967,16.59310,16.59310,16.66139,16.45653,16.31996,16.50775,16.54189,16.52482,16.61017,16.61017,16.86624,17.32716,17.42959,17.92465,18.62456,19.27326,19.49519,20.16096,20.75845,20.82673,21.88514,22.20949,22.63627,22.85819,23.31911,23.37033,23.93367,24.27509,24.82137,24.63359,25.26522,25.93099,25.96513,26.15291,26.16999,26.44312,26.64798,26.92111,26.61383,26.76747,26.49434,26.59676,26.76747,26.63090,26.75040,26.61383,26.57969,26.23827,26.22120,26.15291,26.18706,26.23827,25.81149,25.93099,25.94806,26.46019,26.37484,26.59676,25.98220,26.42605,27.26254,27.31375,26.71626,26.69919,26.51141,26.39191,25.89685,25.64078,25.14572,25.11158,24.80430,24.37752,23.86539,23.74589,23.11426,23.19962,22.48263,22.31192,21.21937,21.15108,20.82673,20.45117,19.90489,19.70004,19.35862,18.88063
2007,Surry Hills 33_11kV,10APR2007,MW,18.65870,18.30021,17.83929,17.53201,17.58323,17.39544,16.78088,17.08816,16.78088,16.66139,16.38825,16.55896,16.33704,16.59310,16.37118,16.28582,16.49068,16.47360,16.91745,17.03695,17.37837,18.11243,18.70992,19.61469,20.91209,21.81686,23.13133,24.80430,27.07475,28.15023,30.19876,31.24010,32.67407,34.67139,34.19340,35.32009,36.27607,36.54921,36.75406,37.07841,37.55640,38.18803,38.29046,38.05147,38.44410,38.46117,39.05866,39.53665,38.99038,39.07573,39.50251,39.92929,40.21949,39.14402,39.41715,38.71724,38.83674,39.21230,39.24644,38.97330,39.38301,38.95623,38.52946,38.40996,37.81247,37.47105,37.43691,37.23205,36.25900,35.54202,35.47373,35.18352,33.16913,32.58872,31.76930,31.66688,30.35240,30.06219,29.37935,29.31107,28.37216,27.67224,27.26254,26.90404,26.16999,25.57250,25.29936,24.59944,23.60932,22.72162,22.65334,22.00464,21.13401,20.91209,19.88782,19.59761
2007,Surry Hills 33_11kV,11APR2007,MW,19.42690,18.74406,18.41971,18.28314,18.01000,17.65151,17.63444,17.19059,17.25887,17.27595,17.01988,16.76381,16.74674,16.55896,16.59310,16.71260,17.10523,16.93452,16.95160,17.25887,18.16364,18.67578,19.25619,20.10975,21.33887,22.03878,23.84832,25.48714,27.91124,29.44764,30.88161,31.83759,34.07390,34.38118,35.02988,36.19072,36.41264,37.35155,37.01013,37.14670,38.13682,,,,,39.04159,39.02452,39.70736,39.45130,39.89514,39.89514,40.01464,39.46837,39.80979,39.84393,39.75858,40.23657,39.58786,40.23657,39.57079,39.46837,39.70736,39.24644,39.10987,38.88795,38.68310,38.70017,37.81247,37.07841,36.71992,36.53214,35.64444,33.45934,33.01549,32.53750,32.05951,31.34253,30.77918,30.77918,29.92563,29.44764,28.57701,28.69651,27.72345,26.88697,25.89685,25.65785,25.26522,23.91660,23.43861,23.09719,22.51677,21.62907,21.44129,20.69016,20.26339
2007,Surry Hills 33_11kV,12APR2007,MW,19.90489,19.30741,18.91477,18.98306,18.47092,18.23193,18.23193,17.75394,17.65151,17.48080,17.39544,17.27595,17.15645,17.34423,16.98574,17.20766,17.39544,17.29302,17.39544,17.92465,18.65870,19.05134,19.76833,20.33167,22.29485,22.39727,24.18974,26.18706,28.64529,30.33533,31.80345,33.59591,34.70553,35.67858,36.58335,37.64176,37.72711,38.66603,38.54653,38.73431,39.00745,39.34887,39.29766,39.87807,39.55372,39.46837,39.16109,40.13414,40.23657,39.67322,39.84393,39.96343,39.94636,40.27071,40.59506,40.16828,40.57799,40.20242,40.10000,40.25364,40.06585,39.62201,39.53665,39.46837,38.44410,38.49531,37.30034,37.33448,36.60042,35.83222,35.86637,35.40545,33.44227,32.79357,32.43508,31.70102,30.64261,29.75491,29.43056,28.64529,28.25266,28.11609,27.65517,26.98940,26.46019,25.84563,25.45300,24.73601,24.03610,23.43861,22.84112,22.24363,21.52665,21.03159,20.41703,20.10975
2007,Surry Hills 33_11kV,13APR2007,MW,19.66590,19.37569,18.67578,18.55628,18.53921,18.04415,17.63444,17.82222,17.39544,17.24180,17.00281,16.90038,16.79796,16.86624,16.86624,16.76381,17.01988,17.10523,17.03695,17.41251,18.04415,18.65870,19.23912,20.07561,21.50958,21.86807,24.12145,25.52128,28.09902,29.15743,30.74504,32.14487,33.57884,34.39825,34.87624,35.52494,36.32729,36.41264,36.85649,37.09548,37.98318,38.32460,38.34167,38.54653,39.63908,38.75138,39.00745,39.60494,39.04159,39.04159,39.00745,39.26351,39.04159,38.95623,38.99038,38.83674,39.05866,39.31473,39.67322,38.95623,38.75138,38.64895,38.06854,38.17096,37.64176,37.26620,37.26620,36.58335,35.38838,35.32009,35.21766,34.50068,32.43508,31.87173,31.15474,30.77918,29.41349,28.93550,28.69651,28.06488,27.22839,26.81869,26.56262,26.01635,25.17986,24.65066,24.34338,23.54104,23.19962,22.67041,22.07292,21.86807,21.54372,21.06573,20.77552,20.33167
2007,Surry Hills 33_11kV,14APR2007,MW,19.99025,19.47812,19.29033,18.96598,18.93184,18.60749,18.14657,17.94172,17.48080,17.54908,17.32716,17.29302,17.46373,17.25887,17.17352,17.13938,17.31009,17.19059,16.95160,16.91745,17.31009,17.37837,17.54908,17.82222,18.31728,18.11243,18.53921,19.03427,19.59761,20.43410,20.91209,21.47543,22.26070,22.72162,23.19962,24.37752,24.36045,24.97501,25.12865,25.62371,25.65785,26.13584,26.13584,26.46019,26.69919,26.97233,26.68212,26.59676,26.76747,26.86990,26.28948,26.85283,26.66505,26.39191,25.87978,25.94806,26.08463,26.20413,25.82856,25.74321,25.14572,25.55543,25.19693,25.24815,24.70187,24.97501,25.09451,25.45300,25.14572,25.67492,26.18706,26.30655,25.86271,26.34070,26.01635,25.76028,25.12865,25.21400,25.00915,24.37752,24.27509,24.07024,23.88246,23.67761,23.02890,22.90941,22.99476,22.29485,22.10707,21.95343,21.42422,21.28765,21.33887,20.80966,20.50238,20.16096
2007,Surry Hills 33_11kV,15APR2007,MW,19.95611,19.40983,19.15377,18.84649,18.79527,18.18071,17.95879,17.75394,17.51494,17.37837,17.27595,17.13938,17.03695,17.08816,16.86624,16.66139,16.64432,16.81503,16.93452,16.98574,16.93452,17.12231,17.08816,17.19059,17.90758,17.70272,17.54908,18.12950,18.55628,19.00013,19.56347,19.99025,20.14389,21.01452,21.37301,21.56079,22.17535,22.31192,22.77284,22.94355,23.47275,23.84832,24.05317,24.24095,24.42873,24.92380,24.68480,24.95794,24.83844,25.17986,24.85551,24.95794,24.83844,24.71894,24.88965,24.51409,24.34338,24.22388,24.44580,24.07024,24.68480,24.25802,23.96781,24.10438,24.00196,24.47995,24.63359,24.77016,25.40179,25.60664,26.39191,26.80162,26.42605,26.56262,26.34070,26.27241,26.22120,25.74321,24.87258,24.80430,24.39459,23.86539,23.66053,23.89953,23.26790,23.09719,22.87526,22.96062,22.03878,21.57786,21.18523,20.94623,20.36581,20.07561,19.90489,19.46105
2007,Surry Hills 33_11kV,16APR2007,MW,19.17084,18.47092,18.36850,18.23193,17.80515,17.80515,17.61737,17.20766,17.19059,16.95160,16.96867,16.81503,16.72967,16.88331,16.83210,16.61017,16.93452,17.22473,17.12231,17.77101,18.65870,19.10255,19.51226,20.45117,21.90221,22.65334,24.44580,25.96513,28.81600,30.06219,31.95709,33.35692,34.65432,36.37850,37.40276,38.35875,39.74150,39.92929,40.42435,40.62920,41.20962,41.53397,41.77296,41.22669,41.53397,41.61932,41.79004,41.58518,41.43154,41.90953,41.26083,41.72175,41.46568,41.51690,41.09012,40.98769,40.30485,40.57799,40.33899,40.13414,40.01464,39.86100,39.67322,39.36594,39.10987,39.16109,39.19523,38.80259,37.18084,37.31741,37.21498,35.91758,34.38118,33.78369,33.28863,32.81064,31.46202,31.03525,30.93282,30.24998,29.68663,29.10621,28.98672,28.15023,27.51860,26.71626,25.94806,25.41886,24.30924,23.67761,22.97769,22.14121,22.03878,21.49251,20.55360,20.05853
2007,Surry Hills 33_11kV,17APR2007,MW,19.71711,19.20498,19.11962,19.00013,18.53921,18.18071,17.82222,17.61737,17.54908,17.27595,17.22473,17.29302,17.13938,17.53201,17.03695,17.10523,17.19059,17.63444,17.53201,17.90758,18.76113,19.13669,19.61469,20.29753,22.31192,22.80698,24.53116,26.30655,28.69651,30.43776,32.02537,33.20328,34.80796,35.38838,36.29314,37.35155,37.88075,38.64895,38.87088,39.04159,40.04878,40.03171,40.52677,40.56092,40.61213,40.98769,41.15840,41.32912,41.34619,41.26083,41.44861,41.65347,41.51690,41.00476,41.26083,41.68761,41.70468,41.22669,41.07305,40.91941,40.97062,40.79991,40.13414,40.10000,40.21949,39.77565,39.46837,39.28058,38.00025,38.06854,37.82954,37.23205,35.13231,34.62018,33.49348,32.96428,31.94001,31.22303,30.81332,30.86454,30.11341,29.66956,29.19157,28.47458,27.43325,26.80162,26.27241,25.76028,24.68480,23.67761,23.08012,22.49970,21.76564,21.37301,20.84380,20.60481
2007,Surry Hills 33_11kV,18APR2007,MW,20.17803,19.70004,19.01720,19.25619,18.53921,18.38557,18.19778,17.94172,17.85636,17.42959,17.56615,17.17352,17.46373,17.37837,17.10523,17.13938,17.27595,17.25887,17.49787,18.09536,18.48799,19.42690,19.85368,20.38288,22.22656,22.94355,24.68480,26.30655,29.08914,30.47190,32.53750,33.68127,35.40545,36.31021,37.72711,38.42703,38.80259,39.48544,39.77565,40.04878,39.87807,40.30485,40.39021,40.68041,40.83405,40.79991,40.90234,41.31204,40.86820,41.05598,41.51690,41.22669,41.34619,41.49983,41.84125,41.97782,42.28510,41.97782,41.12426,41.29497,40.81698,41.07305,40.68041,40.78284,40.13414,40.23657,39.77565,38.87088,37.94904,37.81247,37.38569,36.95892,35.25181,34.21047,33.61298,33.13499,32.75943,32.09365,30.98403,30.60847,29.80613,29.44764,29.05500,28.52580,27.86002,26.86990,26.39191,25.64078,24.80430,24.08731,23.42154,22.92648,22.29485,22.20949,21.21937,20.67309
2007,Surry Hills 33_11kV,19APR2007,MW,20.12682,19.64883,19.25619,18.93184,19.17084,18.38557,18.19778,17.85636,17.90758,17.49787,17.48080,17.22473,17.31009,17.34423,17.20766,17.48080,17.48080,17.56615,17.89051,18.12950,19.08548,19.25619,19.90489,20.72431,21.95343,22.72162,24.29216,26.44312,28.64529,30.16462,31.95709,33.30570,34.51775,35.43959,36.34436,37.45398,37.79540,37.74419,38.75138,39.04159,39.65615,39.46837,39.69029,40.23657,40.62920,40.61213,40.69749,41.14133,40.88527,41.73882,41.24376,41.03891,41.34619,41.00476,41.26083,40.57799,40.83405,41.10719,41.15840,40.61213,40.79991,40.11707,40.52677,40.25364,39.65615,39.72443,39.50251,39.12694,38.56360,38.11975,38.37582,37.48812,34.62018,34.70553,33.47641,33.40813,32.62286,31.85466,31.29131,30.47190,30.36947,30.04512,29.46471,28.86722,28.33801,27.51860,26.81869,26.18706,24.59944,23.91660,23.37033,23.06305,22.22656,22.02171,21.04866,20.67309
2007,Surry Hills 33_11kV,20APR2007,MW,20.00732,19.73418,19.35862,19.00013,18.91477,18.48799,18.52214,18.14657,17.94172,18.06122,17.51494,17.44666,17.51494,17.49787,17.17352,17.27595,17.44666,17.51494,17.83929,18.40264,18.70992,19.34155,20.07561,20.89502,22.58506,23.11426,24.42873,26.73333,29.63542,30.79625,32.69114,33.47641,35.06402,36.56628,37.36862,37.38569,38.61481,39.00745,39.45130,40.16828,40.42435,40.52677,41.26083,40.73163,41.02184,40.86820,40.78284,40.83405,41.17548,40.97062,40.93648,41.67054,41.22669,41.77296,41.14133,41.29497,41.36326,40.98769,40.68041,40.27071,39.98050,39.65615,38.95623,39.24644,38.76845,38.23925,37.84661,38.25632,37.19791,36.82235,36.41264,35.55909,32.99842,32.57164,31.92294,31.13767,30.21583,29.84027,29.08914,28.54287,28.42337,27.65517,27.60396,27.07475,25.69199,25.48714,24.87258,24.66773,23.42154,22.78991,22.49970,22.31192,21.54372,21.23644,20.77552,20.58774
2007,Surry Hills 33_11kV,21APR2007,MW,19.87075,19.39276,19.15377,18.98306,18.48799,18.19778,18.26607,17.95879,17.87343,17.51494,17.44666,17.13938,17.22473,17.10523,16.79796,16.90038,16.84917,17.03695,16.81503,17.05402,17.00281,17.44666,17.58323,17.83929,18.38557,18.35142,18.67578,19.23912,19.90489,20.41703,21.16816,21.95343,22.31192,23.06305,23.09719,23.43861,24.39459,24.82137,25.17986,25.48714,26.01635,26.47726,26.64798,26.88697,27.05768,26.76747,27.12597,27.36496,26.69919,27.14304,27.46739,27.22839,27.19425,27.16011,26.97233,26.97233,27.04061,26.69919,26.97233,26.46019,26.11877,25.99927,25.69199,25.50421,25.76028,25.79442,25.69199,25.94806,26.13584,26.42605,27.04061,27.10890,26.39191,26.47726,26.47726,26.20413,25.74321,25.50421,24.75308,25.04329,24.56530,24.18974,24.00196,23.93367,23.14840,22.75577,22.84112,22.53384,22.39727,22.12414,21.47543,21.42422,21.23644,21.13401,20.55360,20.38288
2007,Surry Hills 33_11kV,22APR2007,MW,20.26339,19.49519,19.27326,19.15377,18.93184,18.70992,18.12950,17.94172,17.65151,17.58323,17.31009,17.54908,17.22473,17.00281,17.05402,17.07109,17.05402,16.98574,16.86624,17.22473,17.01988,17.39544,17.71979,17.75394,18.26607,18.64163,18.55628,18.33435,18.89770,19.15377,19.76833,19.75125,20.72431,20.94623,21.18523,21.74857,22.29485,22.29485,22.96062,22.90941,23.30204,23.37033,23.83125,24.34338,24.39459,24.54823,24.68480,24.54823,24.46288,24.47995,24.56530,24.22388,24.66773,24.25802,24.20681,24.34338,24.47995,24.39459,24.12145,23.93367,24.17267,23.88246,23.98489,24.37752,24.10438,24.49702,24.54823,24.53116,24.80430,25.86271,26.13584,26.23827,26.05049,25.89685,26.05049,25.76028,25.76028,25.14572,25.11158,24.39459,24.17267,23.96781,24.07024,23.54104,23.21669,22.87526,22.48263,22.53384,22.08999,21.47543,21.28765,20.82673,20.34874,19.76833,19.75125,19.25619
2007,Surry Hills 33_11kV,23APR2007,MW,18.89770,18.41971,18.19778,18.16364,17.85636,17.71979,17.27595,17.12231,17.10523,17.00281,16.98574,16.40532,16.84917,16.72967,16.55896,16.71260,16.90038,17.19059,17.22473,17.25887,18.19778,18.48799,19.27326,19.88782,22.00464,23.45568,24.59944,26.25534,28.81600,30.35240,31.85466,33.13499,34.87624,35.74687,36.66871,36.73699,37.79540,38.23925,38.25632,38.52946,39.22937,39.55372,39.34887,39.84393,39.75858,39.99757,40.16828,40.23657,40.23657,40.35606,40.11707,39.75858,39.86100,39.89514,39.86100,39.92929,39.36594,39.14402,39.58786,39.19523,39.43422,39.29766,39.17816,38.75138,38.42703,38.08561,38.17096,38.05147,38.10268,37.36862,37.43691,36.32729,34.12511,34.02269,33.23742,32.87892,32.09365,31.94001,30.71090,30.54018,29.99391,29.43056,29.17450,28.47458,27.33082,26.71626,25.99927,25.17986,23.96781,23.47275,22.73870,22.05585,21.30472,21.01452,20.58774,19.99025
2007,Surry Hills 33_11kV,24APR2007,MW,19.92197,19.15377,18.82942,18.94891,18.52214,18.30021,18.48799,18.26607,17.73687,17.39544,17.46373,17.56615,17.29302,17.20766,17.13938,17.39544,17.31009,17.10523,17.63444,18.04415,18.55628,19.06841,19.81954,21.03159,22.46556,23.09719,24.59944,26.76747,29.82320,30.84746,32.31558,33.76662,34.94453,35.84929,36.46385,36.68578,37.59055,37.65883,38.32460,38.34167,38.46117,38.75138,39.12694,39.43422,39.12694,39.00745,39.58786,40.04878,40.25364,39.77565,39.67322,39.75858,39.55372,39.75858,39.63908,39.84393,39.62201,39.29766,38.88795,39.14402,39.24644,38.83674,38.37582,37.77833,38.00025,38.06854,37.98318,38.05147,37.57348,37.23205,36.92477,36.39557,34.39825,33.45934,33.15206,32.48629,31.88880,31.25717,30.23291,30.35240,29.60127,28.45751,27.79174,27.56981,26.47726,25.41886,25.19693,24.63359,23.81417,23.02890,22.70455,22.26070,22.00464,21.52665,20.92916,20.57067
2007,Surry Hills 33_11kV,25APR2007,MW,20.19510,19.78540,19.17084,18.88063,18.86356,18.45385,18.12950,17.89051,17.70272,17.41251,17.42959,17.29302,17.12231,17.07109,16.93452,17.08816,16.95160,16.98574,17.10523,17.48080,17.68565,17.73687,17.83929,18.40264,18.76113,19.17084,19.56347,19.80247,20.46824,21.15108,22.10707,22.67041,22.63627,23.26790,23.31911,24.07024,24.37752,24.97501,25.11158,25.40179,25.96513,26.10170,26.76747,26.63090,27.04061,26.93818,27.12597,27.19425,27.29668,27.48446,27.74053,27.12597,26.98940,26.78454,26.69919,26.90404,26.61383,26.32363,26.37484,26.81869,26.66505,26.30655,26.32363,26.59676,26.52848,26.47726,26.49434,26.92111,27.16011,27.84295,27.80881,27.82588,27.19425,26.66505,27.05768,26.42605,25.91392,25.86271,25.50421,25.60664,25.04329,24.65066,24.65066,24.07024,23.71175,23.18254,23.52397,22.67041,22.29485,21.81686,21.68029,21.18523,20.58774,20.09268,20.04146,19.56347
2007,Surry Hills 33_11kV,26APR2007,MW,19.10255,18.86356,18.28314,18.02707,17.92465,17.61737,17.32716,17.22473,17.08816,16.83210,16.84917,16.88331,16.72967,16.55896,16.81503,16.76381,16.61017,16.74674,17.15645,17.37837,18.09536,18.65870,19.80247,20.60481,22.12414,22.43142,24.17267,25.89685,28.32094,30.07927,31.27424,32.17901,33.69834,34.31290,35.14938,35.54202,36.27607,36.61749,37.14670,37.69297,37.84661,38.32460,38.23925,38.92209,38.76845,38.58067,38.40996,38.66603,39.43422,39.21230,39.14402,39.21230,39.02452,39.12694,38.83674,38.80259,38.99038,39.46837,38.59774,38.05147,38.01732,38.05147,38.01732,37.79540,37.47105,37.21498,36.78820,36.61749,36.63457,36.78820,36.80528,35.57616,33.92026,33.28863,33.32277,33.18620,31.68395,31.63273,31.01818,30.59140,30.01098,29.24278,28.69651,27.86002,27.19425,26.23827,25.91392,25.53835,24.95794,24.01903,23.02890,22.70455,22.32899,21.81686,21.11694,20.36581
2007,Surry Hills 33_11kV,27APR2007,MW,19.97318,19.18791,18.70992,18.52214,18.36850,18.01000,17.89051,17.36130,17.17352,17.32716,17.00281,16.83210,16.88331,16.95160,16.66139,16.95160,16.88331,16.95160,17.07109,17.70272,18.23193,18.88063,19.71711,20.39996,21.66322,22.10707,23.81417,25.87978,27.79174,29.78906,31.24010,32.29851,33.30570,34.32997,35.33716,35.54202,35.83222,35.74687,36.41264,36.44678,36.77113,36.87356,37.11256,37.12963,37.07841,37.81247,37.62469,38.01732,37.82954,38.10268,38.22218,38.13682,37.82954,37.76126,37.67590,38.18803,37.55640,38.05147,37.91490,37.59055,37.14670,37.26620,37.35155,37.14670,37.09548,36.97599,37.30034,37.02720,36.58335,36.65164,35.49080,34.72260,32.84478,32.45215,31.46202,31.22303,30.21583,29.92563,29.58420,28.95257,28.45751,27.68931,26.95526,26.47726,25.67492,25.48714,24.82137,24.54823,23.47275,23.06305,22.29485,22.48263,21.88514,21.54372,21.37301,20.80966
2007,Surry Hills 33_11kV,28APR2007,MW,20.60481,19.99025,19.42690,19.06841,18.88063,18.70992,18.40264,18.09536,17.68565,17.49787,17.54908,17.22473,17.49787,17.17352,17.24180,17.03695,17.08816,17.10523,17.03695,17.19059,17.13938,17.51494,17.58323,18.07829,18.53921,18.67578,19.20498,19.46105,20.31460,20.57067,21.37301,21.59493,22.49970,23.18254,23.38740,23.88246,24.22388,24.73601,25.21400,25.47007,25.60664,25.67492,26.10170,26.27241,26.13584,26.39191,26.32363,26.27241,26.73333,26.23827,26.64798,26.68212,26.63090,26.35777,26.34070,26.23827,25.94806,26.13584,25.77735,26.13584,25.72614,25.72614,25.26522,25.55543,25.35057,25.28229,25.43593,25.36764,25.67492,26.85283,27.09182,27.00647,26.63090,26.39191,26.64798,26.27241,25.81149,25.98220,25.35057,24.90672,24.54823,24.13853,23.74589,23.55811,23.48982,23.42154,22.87526,22.56798,22.32899,21.98757,21.52665,21.32179,21.39008,21.15108,20.74138,20.48531
2007,Surry Hills 33_11kV,29APR2007,MW,20.14389,19.68297,19.27326,18.96598,18.59042,18.50506,18.38557,17.95879,17.54908,17.51494,17.36130,17.17352,17.15645,17.15645,17.00281,16.91745,16.78088,16.84917,16.83210,16.98574,17.07109,17.31009,17.17352,17.58323,17.95879,18.01000,17.87343,18.16364,18.65870,18.72699,19.25619,19.78540,20.10975,21.03159,21.04866,21.27058,21.78271,22.36313,22.65334,22.82405,23.14840,23.40447,23.88246,23.86539,24.01903,24.77016,24.46288,24.32631,24.29216,24.32631,24.10438,24.13853,24.22388,24.00196,23.79710,23.72882,23.67761,23.88246,23.74589,23.54104,24.01903,23.40447,23.21669,23.59225,23.79710,23.62639,24.05317,24.32631,24.94087,25.82856,26.18706,25.93099,26.39191,26.37484,26.13584,26.03342,25.76028,25.67492,24.97501,25.06036,24.56530,24.58237,24.08731,23.78003,23.18254,23.23376,22.94355,22.29485,21.95343,21.44129,20.80966,20.58774,20.17803,19.88782,19.81954,19.20498
2007,Surry Hills 33_11kV,30APR2007,MW,18.89770,18.70992,18.38557,18.35142,17.95879,17.92465,17.54908,17.42959,17.27595,17.19059,16.78088,16.78088,16.55896,16.72967,16.55896,16.67846,16.64432,16.72967,16.95160,17.56615,18.30021,18.82942,19.75125,20.34874,21.83393,22.99476,24.18974,26.28948,28.49165,29.92563,32.23022,33.10085,34.21047,35.30302,36.19072,36.90770,37.18084,37.53933,38.05147,37.91490,38.47824,38.71724,38.49531,38.93916,38.78552,39.60494,39.55372,38.93916,39.38301,39.55372,39.26351,39.26351,39.12694,39.40008,39.34887,39.38301,39.17816,38.61481,39.00745,38.63188,38.25632,38.81966,38.15389,37.53933,37.57348,37.28327,37.50519,37.11256,36.82235,36.85649,36.60042,35.67858,34.34704,33.57884,33.33984,32.93014,31.80345,31.32546,31.17182,30.43776,29.92563,29.41349,28.67944,28.01366,27.02354,26.39191,25.72614,25.47007,24.29216,23.26790,22.89234,22.22656,21.62907,21.09987,20.46824,20.22924
